#;Column 1: Redshift.  "0.5" = 0.25<z<0.75, "1.0" = 0.75<z<1.25, "1.5" = 1.25<z<1.75, "2.0" = 1.75<z<2.25, "2.5" = 2.25<z<2.75, "3.0" = 2.75<z<3.25
#;Column 2: Lower threshold, log (S100/S24)
#;Column 3: Upper threshold, log (S100/S24)
#;Column 4: Lower threshold, log (S8/S3.6)
#;Column 5: Upper threshold, log (S8/S3.6)
#;Column 6: f(AGN)_MIR  fraction of mid-IR luminosity due to heating by an AGN
#;Column 7: Uncertainty

0.5   0.0   0.2   0.4   0.6  1.000  0.150
0.5   0.2   0.4   0.0   0.2  0.300  0.000
0.5   0.2   0.4   0.2   0.4  0.600  0.150
0.5   0.2   0.4   0.4   0.6  1.000  0.050
0.5   0.2   0.4   0.6   0.8  1.000  0.175
0.5   0.2   0.4   0.8   1.0  0.600  0.000
0.5   0.4   0.6   0.0   0.2  0.300  0.000
0.5   0.4   0.6   0.2   0.4  0.900  0.100
0.5   0.4   0.6   0.4   0.6  1.000  0.050
0.5   0.4   0.6   0.6   0.8  1.000  0.100
0.5   0.6   0.8   0.2   0.4  0.500  0.200
0.5   0.6   0.8   0.4   0.6  0.900  0.150
0.5   0.6   0.8   0.6   0.8  0.800  0.150
0.5   0.6   0.8   0.8   1.0  0.500  0.100
0.5   0.8   1.0   0.0   0.2  0.300  0.100
0.5   0.8   1.0   0.2   0.4  0.500  0.200
0.5   0.8   1.0   0.4   0.6  0.800  0.050
0.5   0.8   1.0   0.6   0.8  0.700  0.100
0.5   0.8   1.0   0.8   1.0  0.600  0.050
0.5   1.0   1.2  -0.6  -0.4  0.100  0.000
0.5   1.0   1.2  -0.4  -0.2  0.100  0.000
0.5   1.0   1.2  -0.2   0.0  0.100  0.000
0.5   1.0   1.2   0.0   0.2  0.300  0.150
0.5   1.0   1.2   0.2   0.4  0.400  0.100
0.5   1.0   1.2   0.4   0.6  0.500  0.125
0.5   1.0   1.2   0.6   0.8  0.500  0.100
0.5   1.0   1.2   0.8   1.0  0.500  0.100
0.5   1.2   1.4  -0.4  -0.2  0.100  0.050
0.5   1.2   1.4  -0.2   0.0  0.000  0.050
0.5   1.2   1.4   0.0   0.2  0.200  0.100
0.5   1.2   1.4   0.2   0.4  0.300  0.100
0.5   1.2   1.4   0.4   0.6  0.300  0.150
0.5   1.2   1.4   0.6   0.8  0.200  0.100
0.5   1.2   1.4   0.8   1.0  0.200  0.100
0.5   1.2   1.4   1.0   1.2  0.200  0.050
0.5   1.4   1.6  -0.4  -0.2  0.000  0.000
0.5   1.4   1.6  -0.2   0.0  0.000  0.000
0.5   1.4   1.6   0.0   0.2  0.000  0.075
0.5   1.4   1.6   0.2   0.4  0.200  0.100
0.5   1.4   1.6   0.4   0.6  0.200  0.100
0.5   1.4   1.6   0.6   0.8  0.400  0.100
0.5   1.4   1.6   0.8   1.0  0.200  0.050
0.5   1.4   1.6   1.0   1.2  0.200  0.000
0.5   1.6   1.8   0.0   0.2  0.300  0.100
0.5   1.6   1.8   0.2   0.4  0.300  0.100
0.5   1.6   1.8   0.4   0.6  0.400  0.125
0.5   1.6   1.8   0.6   0.8  0.200  0.000
0.5   1.8   2.0   0.0   0.2  0.300  0.000
0.5   1.8   2.0   0.2   0.4  0.300  0.000
1.0   0.0   0.2   0.4   0.6  0.600  0.000
1.0   0.2   0.4   0.4   0.6  1.000  0.075
1.0   0.4   0.6  -0.6  -0.4  0.300  0.000
1.0   0.4   0.6  -0.2   0.0  0.300  0.000
1.0   0.4   0.6   0.2   0.4  0.700  0.000
1.0   0.4   0.6   0.4   0.6  1.000  0.050
1.0   0.4   0.6   0.6   0.8  1.000  0.000
1.0   0.6   0.8  -0.2   0.0  0.300  0.000
1.0   0.6   0.8   0.0   0.2  0.300  0.000
1.0   0.6   0.8   0.2   0.4  0.600  0.050
1.0   0.6   0.8   0.4   0.6  0.900  0.050
1.0   0.6   0.8   0.6   0.8  1.000  0.000
1.0   0.6   0.8   0.8   1.0  1.000  0.000
1.0   0.8   1.0  -0.6  -0.4  0.300  0.000
1.0   0.8   1.0  -0.4  -0.2  0.300  0.000
1.0   0.8   1.0  -0.2   0.0  0.300  0.100
1.0   0.8   1.0   0.0   0.2  0.500  0.100
1.0   0.8   1.0   0.2   0.4  0.500  0.100
1.0   0.8   1.0   0.4   0.6  0.800  0.100
1.0   0.8   1.0   0.6   0.8  0.900  0.100
1.0   0.8   1.0   0.8   1.0  1.000  0.150
1.0   1.0   1.2  -0.6  -0.4  0.200  0.000
1.0   1.0   1.2  -0.4  -0.2  0.000  0.000
1.0   1.0   1.2  -0.2   0.0  0.100  0.125
1.0   1.0   1.2   0.0   0.2  0.300  0.150
1.0   1.0   1.2   0.2   0.4  0.400  0.050
1.0   1.0   1.2   0.4   0.6  0.700  0.100
1.0   1.0   1.2   0.6   0.8  0.700  0.000
1.0   1.0   1.2   0.8   1.0  0.700  0.000
1.0   1.2   1.4  -0.6  -0.4  0.000  0.025
1.0   1.2   1.4  -0.4  -0.2  0.000  0.050
1.0   1.2   1.4  -0.2   0.0  0.100  0.050
1.0   1.2   1.4   0.0   0.2  0.300  0.150
1.0   1.2   1.4   0.2   0.4  0.200  0.100
1.0   1.2   1.4   0.4   0.6  0.600  0.000
1.0   1.2   1.4   0.6   0.8  0.600  0.100
1.0   1.2   1.4   1.0   1.2  0.200  0.000
1.0   1.2   1.4   1.4   1.6  0.200  0.000
1.0   1.4   1.6  -0.4  -0.2  0.300  0.000
1.0   1.4   1.6  -0.2   0.0  0.100  0.050
1.0   1.4   1.6   0.0   0.2  0.300  0.100
1.0   1.4   1.6   0.2   0.4  0.400  0.200
1.0   1.4   1.6   0.4   0.6  0.600  0.000
1.0   1.4   1.6   0.6   0.8  0.600  0.100
1.0   1.6   1.8   0.2   0.4  0.300  0.000
1.0   1.6   1.8   0.4   0.6  0.600  0.000
1.5   0.0   0.2   0.4   0.6  0.600  0.000
1.5   0.2   0.4   0.4   0.6  0.600  0.000
1.5   0.4   0.6  -0.2   0.0  0.300  0.000
1.5   0.4   0.6   0.4   0.6  0.600  0.000
1.5   0.4   0.6   0.6   0.8  0.600  0.000
1.5   0.6   0.8  -0.4  -0.2  0.500  0.000
1.5   0.6   0.8  -0.2   0.0  0.300  0.100
1.5   0.6   0.8   0.0   0.2  0.300  0.000
1.5   0.6   0.8   0.2   0.4  0.600  0.000
1.5   0.6   0.8   0.4   0.6  0.900  0.200
1.5   0.6   0.8   0.6   0.8  1.000  0.000
1.5   0.6   0.8   0.8   1.0  1.000  0.050
1.5   0.8   1.0  -0.4  -0.2  0.500  0.200
1.5   0.8   1.0  -0.2   0.0  0.300  0.200
1.5   0.8   1.0   0.0   0.2  0.300  0.050
1.5   0.8   1.0   0.2   0.4  0.600  0.100
1.5   0.8   1.0   0.4   0.6  0.800  0.075
1.5   0.8   1.0   0.6   0.8  1.000  0.050
1.5   0.8   1.0   0.8   1.0  0.900  0.050
1.5   0.8   1.0   1.0   1.2  0.900  0.000
1.5   1.0   1.2  -0.6  -0.4  0.500  0.000
1.5   1.0   1.2  -0.4  -0.2  0.500  0.200
1.5   1.0   1.2  -0.2   0.0  0.400  0.200
1.5   1.0   1.2   0.0   0.2  0.400  0.150
1.5   1.0   1.2   0.2   0.4  0.600  0.175
1.5   1.0   1.2   0.4   0.6  0.800  0.050
1.5   1.0   1.2   0.6   0.8  0.800  0.100
1.5   1.0   1.2   0.8   1.0  0.900  0.000
1.5   1.0   1.2   1.0   1.2  0.700  0.000
1.5   1.0   1.2   1.2   1.4  0.900  0.000
1.5   1.2   1.4  -0.6  -0.4  0.100  0.050
1.5   1.2   1.4  -0.4  -0.2  0.200  0.050
1.5   1.2   1.4  -0.2   0.0  0.200  0.100
1.5   1.2   1.4   0.0   0.2  0.300  0.150
1.5   1.2   1.4   0.2   0.4  0.400  0.200
1.5   1.2   1.4   0.4   0.6  0.600  0.000
1.5   1.2   1.4   0.6   0.8  0.700  0.050
1.5   1.2   1.4   0.8   1.0  0.700  0.250
1.5   1.2   1.4   1.0   1.2  0.200  0.000
1.5   1.4   1.6  -0.6  -0.4  0.100  0.050
1.5   1.4   1.6  -0.4  -0.2  0.100  0.075
1.5   1.4   1.6  -0.2   0.0  0.200  0.125
1.5   1.4   1.6   0.0   0.2  0.300  0.050
1.5   1.4   1.6   0.2   0.4  0.400  0.100
1.5   1.4   1.6   0.4   0.6  0.600  0.000
1.5   1.4   1.6   0.6   0.8  0.600  0.000
1.5   1.4   1.6   1.2   1.4  0.200  0.000
1.5   1.4   1.6   1.4   1.6  0.200  0.000
1.5   1.6   1.8  -0.2   0.0  0.300  0.150
1.5   1.6   1.8   0.0   0.2  0.600  0.000
1.5   1.6   1.8   0.4   0.6  0.600  0.000
1.5   1.6   1.8   0.6   0.8  0.600  0.000
2.0   0.2   0.4  -0.2   0.0  0.300  0.000
2.0   0.2   0.4   0.0   0.2  0.300  0.000
2.0   0.2   0.4   0.2   0.4  0.300  0.000
2.0   0.2   0.4   0.6   0.8  0.600  0.000
2.0   0.4   0.6  -0.2   0.0  0.300  0.100
2.0   0.4   0.6   0.0   0.2  0.100  0.000
2.0   0.4   0.6   0.2   0.4  0.100  0.050
2.0   0.4   0.6   0.6   0.8  0.600  0.000
2.0   0.4   0.6   1.0   1.2  0.900  0.000
2.0   0.6   0.8  -0.4  -0.2  0.300  0.150
2.0   0.6   0.8  -0.2   0.0  0.300  0.100
2.0   0.6   0.8   0.0   0.2  0.100  0.100
2.0   0.6   0.8   0.2   0.4  0.100  0.000
2.0   0.6   0.8   0.4   0.6  0.800  0.200
2.0   0.6   0.8   0.6   0.8  1.000  0.000
2.0   0.6   0.8   0.8   1.0  0.900  0.075
2.0   0.8   1.0  -0.4  -0.2  0.400  0.150
2.0   0.8   1.0  -0.2   0.0  0.200  0.200
2.0   0.8   1.0   0.0   0.2  0.100  0.200
2.0   0.8   1.0   0.2   0.4  0.300  0.250
2.0   0.8   1.0   0.4   0.6  0.800  0.125
2.0   0.8   1.0   0.6   0.8  0.900  0.150
2.0   0.8   1.0   0.8   1.0  1.000  0.050
2.0   0.8   1.0   1.0   1.2  1.000  0.050
2.0   0.8   1.0   1.2   1.4  0.900  0.000
2.0   0.8   1.0   1.4   1.6  0.900  0.000
2.0   1.0   1.2  -0.6  -0.4  0.200  0.050
2.0   1.0   1.2  -0.4  -0.2  0.400  0.150
2.0   1.0   1.2  -0.2   0.0  0.400  0.150
2.0   1.0   1.2   0.0   0.2  0.200  0.150
2.0   1.0   1.2   0.2   0.4  0.300  0.100
2.0   1.0   1.2   0.4   0.6  0.800  0.050
2.0   1.0   1.2   0.6   0.8  0.700  0.100
2.0   1.0   1.2   0.8   1.0  0.900  0.000
2.0   1.0   1.2   1.0   1.2  0.900  0.000
2.0   1.2   1.4  -0.4  -0.2  0.500  0.000
2.0   1.2   1.4  -0.2   0.0  0.500  0.050
2.0   1.2   1.4   0.0   0.2  0.300  0.050
2.0   1.2   1.4   0.2   0.4  0.300  0.025
2.0   1.2   1.4   0.4   0.6  0.800  0.100
2.0   1.2   1.4   0.6   0.8  0.900  0.150
2.0   1.4   1.6   0.0   0.2  0.300  0.000
2.0   1.4   1.6   0.2   0.4  0.300  0.000
2.5   0.0   0.2  -0.2   0.0  0.100  0.000
2.5   0.0   0.2   0.2   0.4  0.100  0.000
2.5   0.2   0.4   0.0   0.2  0.300  0.000
2.5   0.2   0.4   0.2   0.4  0.100  0.000
2.5   0.2   0.4   0.4   0.6  0.600  0.000
2.5   0.4   0.6  -0.2   0.0  0.100  0.000
2.5   0.4   0.6   0.0   0.2  0.300  0.100
2.5   0.4   0.6   0.2   0.4  0.300  0.000
2.5   0.4   0.6   0.4   0.6  0.600  0.000
2.5   0.4   0.6   0.6   0.8  0.600  0.000
2.5   0.6   0.8  -0.2   0.0  0.300  0.200
2.5   0.6   0.8   0.0   0.2  0.100  0.100
2.5   0.6   0.8   0.2   0.4  0.100  0.100
2.5   0.6   0.8   0.4   0.6  0.600  0.125
2.5   0.6   0.8   0.6   0.8  0.700  0.200
2.5   0.6   0.8   0.8   1.0  1.000  0.000
2.5   0.6   0.8   1.0   1.2  1.000  0.000
2.5   0.8   1.0  -0.4  -0.2  0.500  0.150
2.5   0.8   1.0  -0.2   0.0  0.400  0.150
2.5   0.8   1.0   0.0   0.2  0.100  0.150
2.5   0.8   1.0   0.2   0.4  0.100  0.150
2.5   0.8   1.0   0.4   0.6  0.700  0.100
2.5   0.8   1.0   0.6   0.8  0.800  0.150
2.5   0.8   1.0   0.8   1.0  1.000  0.050
2.5   0.8   1.0   1.0   1.2  0.900  0.050
2.5   0.8   1.0   1.2   1.4  0.900  0.050
2.5   0.8   1.0   1.4   1.6  0.200  0.000
2.5   1.0   1.2  -0.6  -0.4  0.500  0.000
2.5   1.0   1.2  -0.4  -0.2  0.400  0.150
2.5   1.0   1.2  -0.2   0.0  0.400  0.100
2.5   1.0   1.2   0.0   0.2  0.300  0.150
2.5   1.0   1.2   0.2   0.4  0.300  0.150
2.5   1.0   1.2   0.4   0.6  0.800  0.100
2.5   1.0   1.2   0.6   0.8  0.700  0.100
2.5   1.0   1.2   0.8   1.0  0.900  0.000
2.5   1.0   1.2   1.0   1.2  0.900  0.100
2.5   1.0   1.2   1.2   1.4  0.900  0.000
2.5   1.2   1.4  -0.4  -0.2  0.500  0.050
2.5   1.2   1.4  -0.2   0.0  0.500  0.050
2.5   1.2   1.4   0.0   0.2  0.400  0.050
2.5   1.2   1.4   0.2   0.4  0.300  0.000
2.5   1.2   1.4   0.4   0.6  0.800  0.100
2.5   1.2   1.4   0.6   0.8  0.900  0.000
2.5   1.2   1.4   0.8   1.0  0.900  0.025
2.5   1.2   1.4   1.0   1.2  0.900  0.000
2.5   1.4   1.6   0.0   0.2  0.300  0.000
2.5   1.4   1.6   0.2   0.4  0.300  0.000
3.0   0.0   0.2   0.0   0.2  0.300  0.000
3.0   0.0   0.2   0.2   0.4  0.300  0.000
3.0   0.2   0.4  -0.2   0.0  0.400  0.000
3.0   0.2   0.4   0.2   0.4  0.500  0.200
3.0   0.2   0.4   0.4   0.6  0.100  0.000
3.0   0.2   0.4   0.8   1.0  0.900  0.000
3.0   0.4   0.6   0.0   0.2  0.300  0.000
3.0   0.4   0.6   0.2   0.4  0.100  0.000
3.0   0.4   0.6   0.6   0.8  0.300  0.000
3.0   0.4   0.6   0.8   1.0  1.000  0.000
3.0   0.6   0.8   0.0   0.2  0.300  0.075
3.0   0.6   0.8   0.2   0.4  0.300  0.100
3.0   0.6   0.8   0.4   0.6  0.700  0.175
3.0   0.6   0.8   0.6   0.8  0.700  0.150
3.0   0.6   0.8   1.0   1.2  0.900  0.000
3.0   0.8   1.0  -0.2   0.0  0.400  0.050
3.0   0.8   1.0   0.0   0.2  0.400  0.150
3.0   0.8   1.0   0.2   0.4  0.300  0.175
3.0   0.8   1.0   0.4   0.6  0.700  0.200
3.0   0.8   1.0   0.6   0.8  0.900  0.200
3.0   0.8   1.0   0.8   1.0  1.000  0.050
3.0   0.8   1.0   1.0   1.2  1.000  0.050
3.0   0.8   1.0   1.2   1.4  1.000  0.000
3.0   0.8   1.0   1.4   1.6  0.900  0.000
3.0   1.0   1.2  -0.4  -0.2  0.400  0.100
3.0   1.0   1.2  -0.2   0.0  0.200  0.100
3.0   1.0   1.2   0.0   0.2  0.300  0.100
3.0   1.0   1.2   0.2   0.4  0.200  0.200
3.0   1.0   1.2   0.4   0.6  0.700  0.100
3.0   1.0   1.2   0.6   0.8  0.700  0.150
3.0   1.0   1.2   0.8   1.0  0.900  0.000
3.0   1.0   1.2   1.0   1.2  0.900  0.000
3.0   1.0   1.2   1.2   1.4  0.900  0.000
3.0   1.0   1.2   1.4   1.6  0.900  0.000
3.0   1.2   1.4  -0.6  -0.4  0.400  0.000
3.0   1.2   1.4  -0.4  -0.2  0.500  0.000
3.0   1.2   1.4  -0.2   0.0  0.500  0.000
3.0   1.2   1.4   0.0   0.2  0.400  0.100
3.0   1.2   1.4   0.2   0.4  0.100  0.150
3.0   1.2   1.4   0.4   0.6  0.600  0.350
3.0   1.2   1.4   0.6   0.8  0.800  0.150
3.0   1.2   1.4   0.8   1.0  0.900  0.000
3.0   1.2   1.4   1.0   1.2  0.900  0.000
3.0   1.4   1.6  -0.2   0.0  0.500  0.000
3.0   1.4   1.6   0.0   0.2  0.500  0.050
3.0   1.4   1.6   0.2   0.4  0.300  0.000
3.0   1.6   1.8   0.0   0.2  0.300  0.000
