#ID 	 Flag 
# 888 = AGN 	 111 = SFG 


6       111  
7       111  
8       111  
19      111  
20      111  
25      111  
26      111  
30      111  
37      111  
38      111  
42      111  
54      111  
55      111  
59      111  
62      111  
67      111  
68      111  
70      111  
72      111  
73      111  
87      888  
96      111  
106     111  
110     111  
113     111  
115     111  
120     111  
125     111  
130     111  
134     111  
137     111  
146     111  
172     111  
185     111  
186     111  
187     111  
200     111  
214     111  
220     111  
228     111  
243     111  
270     111  
273     111  
276     111  
278     111  
280     111  
281     111  
283     111  
290     111  
298     111  
304     111  
305     111  
310     111  
324     111  
325     888  
335     111  
340     111  
346     111  
347     111  
352     111  
357     111  
377     111  
380     111  
383     111  
394     111  
399     111  
412     111  
415     111  
428     111  
434     111  
445     111  
449     111  
453     111  
457     111  
460     111  
486     111  
487     111  
493     111  
496     111  
502     888  
504     111  
509     111  
510     111  
511     111  
513     111  
515     111  
518     111  
523     111  
524     111  
532     111  
533     111  
543     111  
544     111  
545     888  
551     111  
552     111  
553     111  
555     111  
561     111  
562     111  
566     111  
567     888  
572     111  
575     111  
578     111  
579     111  
581     111  
582     111  
587     111  
602     111  
610     111  
616     111  
621     111  
629     111  
630     111  
631     111  
634     111  
644     888  
654     111  
658     111  
679     111  
680     111  
684     111  
687     111  
696     111  
703     111  
724     111  
725     111  
728     111  
741     111  
750     888  
756     111  
757     111  
758     111  
765     111  
770     111  
775     111  
777     111  
794     111  
801     111  
803     111  
817     111  
824     111  
828     111  
832     111  
834     111  
836     111  
849     111  
852     111  
853     111  
854     111  
856     111  
864     111  
865     888  
874     111  
875     111  
886     111  
889     111  
898     111  
899     111  
902     111  
906     888  
910     111  
913     111  
915     111  
919     111  
928     111  
934     111  
941     111  
942     111  
944     111  
947     111  
948     111  
953     111  
961     111  
963     111  
968     888  
969     111  
977     111  
984     111  
998     111  
1000    111  
1007    111  
1013    111  
1022    111  
1023    111  
1031    111  
1038    111  
1047    111  
1051    111  
1054    111  
1055    111  
1056    111  
1058    111  
1060    111  
1074    111  
1091    111  
1092    111  
1094    111  
1099    111  
1100    111  
1105    111  
1106    111  
1110    111  
1115    111  
1120    111  
1129    111  
1130    111  
1131    111  
1136    111  
1138    111  
1141    111  
1143    111  
1145    111  
1157    111  
1167    111  
1178    111  
1179    111  
1180    111  
1190    111  
1194    111  
1200    111  
1212    111  
1215    111  
1226    111  
1232    111  
1235    111  
1239    111  
1242    111  
1247    111  
1253    111  
1265    111  
1266    111  
1269    111  
1272    111  
1276    111  
1281    111  
1283    111  
1285    111  
1286    111  
1287    111  
1298    111  
1300    111  
1301    111  
1307    111  
1312    111  
1315    111  
1316    111  
1320    111  
1322    111  
1324    111  
1331    111  
1333    111  
1334    111  
1337    111  
1339    111  
1346    111  
1349    111  
1350    111  
1355    111  
1356    111  
1357    111  
1359    111  
1365    888  
1369    111  
1377    111  
1380    111  
1390    111  
1393    111  
1395    111  
1396    888  
1399    111  
1409    111  
1424    111  
1429    111  
1433    111  
1441    111  
1443    111  
1445    111  
1446    111  
1447    111  
1449    111  
1452    111  
1462    111  
1465    111  
1469    111  
1470    111  
1474    111  
1485    111  
1491    111  
1493    111  
1496    111  
1501    111  
1516    111  
1520    111  
1535    111  
1540    111  
1549    111  
1550    111  
1560    111  
1566    111  
1568    111  
1572    111  
1580    111  
1581    111  
1586    111  
1588    111  
1589    888  
1592    111  
1594    111  
1598    111  
1599    111  
1602    111  
1603    111  
1604    111  
1606    111  
1608    111  
1612    111  
1614    111  
1615    111  
1616    111  
1617    111  
1618    111  
1627    111  
1632    111  
1640    111  
1643    111  
1650    111  
1651    111  
1652    111  
1658    111  
1667    111  
1673    111  
1674    111  
1676    111  
1677    111  
1684    111  
1685    111  
1688    111  
1694    111  
1700    111  
1702    111  
1707    111  
1710    111  
1711    111  
1712    111  
1714    111  
1715    111  
1717    111  
1719    888  
1721    111  
1726    111  
1727    111  
1728    111  
1743    111  
1749    111  
1752    111  
1753    111  
1754    111  
1755    111  
1761    111  
1762    111  
1767    111  
1777    111  
1778    111  
1780    111  
1781    111  
1784    111  
1787    111  
1792    888  
1794    111  
1797    111  
1806    111  
1811    111  
1815    111  
1821    111  
1825    111  
1827    111  
1834    111  
1841    111  
1845    111  
1855    111  
1858    111  
1862    111  
1865    111  
1868    111  
1890    111  
1894    111  
1895    111  
1896    111  
1897    111  
1900    111  
1901    111  
1904    111  
1915    111  
1916    111  
1920    111  
1921    888  
1925    111  
1935    111  
1936    111  
1937    111  
1938    111  
1941    111  
1944    111  
1947    111  
1948    111  
1953    111  
1954    888  
1960    111  
1962    111  
1965    111  
1966    111  
1970    111  
1977    111  
1978    111  
1981    111  
1982    111  
1997    111  
2003    111  
2005    111  
2010    111  
2011    111  
2014    111  
2016    111  
2021    111  
2033    111  
2036    111  
2039    111  
2043    111  
2057    111  
2060    111  
2063    111  
2066    111  
2067    111  
2069    111  
2075    111  
2080    111  
2085    111  
2088    111  
2089    111  
2093    111  
2103    111  
2110    111  
2114    111  
2123    111  
2124    111  
2139    111  
2141    111  
2144    111  
2151    111  
2156    111  
2164    111  
2173    111  
2177    111  
2185    111  
2190    111  
2213    111  
2225    111  
2231    111  
2233    111  
2238    111  
2241    111  
2244    111  
2245    111  
2247    111  
2253    111  
2265    111  
2266    888  
2270    111  
2274    111  
2277    111  
2280    111  
2283    111  
2285    111  
2292    111  
2296    111  
2298    111  
2304    111  
2305    111  
2312    111  
2316    111  
2323    111  
2335    111  
2337    111  
2338    111  
2339    111  
2348    111  
2349    111  
2366    111  
2372    111  
2377    111  
2379    111  
2381    111  
2387    111  
2390    111  
2405    111  
2406    111  
2413    111  
2419    111  
2422    111  
2433    111  
2438    111  
2441    111  
2442    111  
2443    111  
2446    111  
2449    111  
2451    111  
2458    111  
2459    111  
2463    111  
2466    111  
2470    111  
2472    111  
2473    111  
2478    111  
2483    111  
2486    111  
2488    111  
2495    111  
2496    111  
2500    111  
2504    111  
2505    111  
2512    111  
2513    111  
2518    111  
2519    111  
2522    111  
2526    111  
2542    111  
2543    111  
2544    111  
2548    111  
2550    111  
2556    111  
2560    111  
2561    111  
2563    111  
2565    111  
2571    111  
2578    111  
2584    111  
2588    111  
2608    111  
2612    111  
2617    111  
2619    111  
2622    111  
2626    111  
2629    111  
2632    888  
2633    111  
2644    111  
2650    111  
2668    111  
2674    111  
2677    111  
2679    111  
2687    111  
2688    111  
2695    111  
2696    111  
2697    111  
2699    111  
2703    111  
2713    111  
2731    111  
2734    111  
2738    111  
2746    111  
2754    111  
2755    111  
2757    111  
2769    111  
2775    111  
2776    111  
2777    111  
2778    111  
2779    111  
2782    111  
2790    111  
2797    111  
2800    111  
2814    111  
2820    111  
2836    111  
2839    111  
2840    111  
2841    111  
2843    888  
2844    111  
2847    111  
2849    111  
2857    111  
2869    111  
2877    111  
2888    111  
2894    111  
2901    111  
2903    111  
2925    111  
2932    111  
2933    111  
2934    111  
2938    111  
2960    111  
2965    111  
2973    111  
2997    111  
3000    111  
3008    111  
3015    111  
3018    111  
3033    111  
3040    111  
3041    111  
3044    111  
3058    111  
3068    111  
3071    111  
3077    111  
3081    111  
3082    111  
3092    111  
3106    111  
3109    111  
3118    111  
3120    111  
3125    111  
3128    111  
3132    111  
3134    111  
3135    111  
3139    111  
3150    111  
3161    111  
3168    111  
3175    111  
3178    111  
3182    111  
3186    111  
3187    888  
3213    111  
3219    111  
3233    111  
3237    111  
3238    111  
3243    111  
3245    111  
3254    111  
3255    111  
3258    111  
3263    111  
3264    111  
3271    111  
3282    111  
3291    111  
3293    111  
3300    111  
3301    111  
3318    111  
3319    111  
3320    111  
3324    111  
3325    111  
3330    111  
3333    111  
3338    111  
3339    111  
3341    111  
3355    111  
3358    111  
3360    111  
3366    111  
3367    111  
3368    111  
3377    111  
3386    111  
3406    111  
3408    111  
3417    888  
3424    111  
3437    111  
3439    111  
3440    111  
3447    111  
3450    111  
3458    111  
3459    111  
3460    111  
3469    111  
3470    111  
3483    111  
3489    111  
3493    111  
3501    111  
3505    111  
3508    111  
3509    111  
3510    111  
3514    111  
3520    111  
3530    111  
3532    111  
3537    111  
3546    111  
3548    111  
3556    111  
3557    111  
3563    111  
3565    111  
3566    111  
3568    111  
3580    111  
3584    111  
3594    111  
3595    111  
3598    111  
3599    111  
3600    111  
3605    111  
3607    111  
3616    111  
3617    111  
3618    111  
3627    111  
3634    111  
3639    111  
3640    111  
3642    111  
3648    888  
3654    888  
3657    111  
3661    111  
3662    111  
3671    111  
3672    111  
3676    111  
3681    111  
3694    111  
3705    111  
3707    111  
3708    111  
3711    111  
3712    111  
3731    111  
3732    111  
3741    111  
3750    111  
3757    111  
3760    111  
3763    111  
3779    111  
3784    111  
3794    888  
3797    111  
3809    111  
3825    111  
3827    111  
3834    111  
3842    111  
3845    111  
3846    111  
3851    111  
3864    111  
3869    111  
3870    111  
3871    111  
3873    111  
3874    111  
3896    111  
3900    888  
3908    111  
3913    111  
3918    111  
3919    111  
3920    111  
3927    111  
3928    111  
3933    111  
3941    111  
3945    111  
3946    111  
3955    111  
3965    111  
3971    111  
3972    111  
3982    111  
3993    111  
4007    111  
4010    111  
4015    111  
4017    111  
4021    111  
4027    111  
4034    111  
4038    111  
4049    111  
4051    111  
4059    111  
4063    111  
4064    111  
4072    111  
4073    111  
4077    111  
4081    111  
4092    111  
4093    111  
4101    111  
4103    111  
4106    111  
4107    111  
4116    111  
4117    111  
4119    111  
4124    111  
4138    111  
4140    111  
4143    111  
4150    111  
4151    111  
4154    111  
4159    111  
4161    111  
4172    111  
4182    111  
4183    111  
4191    111  
4192    111  
4198    111  
4213    111  
4218    111  
4232    111  
4235    111  
4236    111  
4248    111  
4249    111  
4251    111  
4272    111  
4274    111  
4277    111  
4280    111  
4290    111  
4301    111  
4310    111  
4318    111  
4320    111  
4323    111  
4325    111  
4333    111  
4343    111  
4351    111  
4364    888  
4365    111  
4373    111  
4376    111  
4378    111  
4379    111  
4384    111  
4395    111  
4409    111  
4411    111  
4412    111  
4420    111  
4421    111  
4424    111  
4431    111  
4432    111  
4436    111  
4437    111  
4439    111  
4441    111  
4448    111  
4459    111  
4461    111  
4463    111  
4465    111  
4471    111  
4472    111  
4473    111  
4486    111  
4487    111  
4490    888  
4492    111  
4502    111  
4509    111  
4510    111  
4517    111  
4522    111  
4526    111  
4528    111  
4530    111  
4532    111  
4536    111  
4540    111  
4545    111  
4554    111  
4555    111  
4565    111  
4571    111  
4573    111  
4575    111  
4606    111  
4618    111  
4623    111  
4630    111  
4631    111  
4639    111  
4645    111  
4649    111  
4650    111  
4652    111  
4653    111  
4659    111  
4660    111  
4662    111  
4663    111  
4664    111  
4668    111  
4672    111  
4681    111  
4682    111  
4685    111  
4686    111  
4694    111  
4698    111  
4709    111  
4711    111  
4714    111  
4719    111  
4730    111  
4734    111  
4742    111  
4751    111  
4757    111  
4760    111  
4763    111  
4778    111  
4781    111  
4783    111  
4792    111  
4801    111  
4811    111  
4813    111  
4816    111  
4819    111  
4834    111  
4835    111  
4836    111  
4837    111  
4840    111  
4847    111  
4857    111  
4860    111  
4861    111  
4866    111  
4869    111  
4874    111  
4875    111  
4885    111  
4890    111  
4897    111  
4914    111  
4920    111  
4932    111  
4943    111  
4947    111  
4949    111  
4953    111  
4955    111  
4965    111  
4972    888  
4976    111  
4982    111  
4986    111  
4988    111  
4998    111  
5002    111  
5018    111  
5034    111  
5051    111  
5056    111  
5060    888  
5063    888  
5066    111  
5071    111  
5077    111  
5087    111  
5095    111  
5099    111  
5102    111  
5106    111  
5111    111  
5114    888  
5118    111  
5127    111  
5130    111  
5139    111  
5145    111  
5149    111  
5155    111  
5157    111  
5158    111  
5167    111  
5169    111  
5170    111  
5174    111  
5180    111  
5181    111  
5185    111  
5190    111  
5198    111  
5199    111  
5204    111  
5215    111  
5218    111  
5227    111  
5230    111  
5234    111  
5240    111  
5241    111  
5244    111  
5247    111  
5256    111  
5257    111  
5262    111  
5274    111  
5276    111  
5280    111  
5281    888  
5304    111  
5306    111  
5309    111  
5310    111  
5319    111  
5321    111  
5323    111  
5327    111  
5331    111  
5332    111  
5342    111  
5350    111  
5356    111  
5357    111  
5361    111  
5365    111  
5378    111  
5381    111  
5384    111  
5401    111  
5413    111  
5416    111  
5419    111  
5437    111  
5446    111  
5447    111  
5452    111  
5461    111  
5464    888  
5469    111  
5478    111  
5482    111  
5486    111  
5487    111  
5503    111  
5509    111  
5514    111  
5515    111  
5521    111  
5522    111  
5524    111  
5528    111  
5534    111  
5542    111  
5543    111  
5548    111  
5549    111  
5552    111  
5562    111  
5569    111  
5580    111  
5582    888  
5583    111  
5588    111  
5598    111  
5615    111  
5620    111  
5624    111  
5629    111  
5638    111  
5640    111  
5641    111  
5647    111  
5650    111  
5654    111  
5656    111  
5664    111  
5676    111  
5682    111  
5686    111  
5687    111  
5693    111  
5694    111  
5705    111  
5708    111  
5712    111  
5720    111  
5721    111  
5724    111  
5731    111  
5733    111  
5754    111  
5761    111  
5765    111  
5767    888  
5776    111  
5790    111  
5805    111  
5812    111  
5813    111  
5816    111  
5825    111  
5826    111  
5828    111  
5833    111  
5839    111  
5840    111  
5844    111  
5849    111  
5852    111  
5864    111  
5869    111  
5871    111  
5873    111  
5881    111  
5884    888  
5896    111  
5899    111  
5903    111  
5914    111  
5916    111  
5919    111  
5921    111  
5922    111  
5928    111  
5937    111  
5942    111  
5951    111  
5953    111  
5964    111  
5970    111  
5977    111  
5985    888  
5997    111  
6002    111  
6005    111  
6007    111  
6010    111  
6013    111  
6015    111  
6019    111  
6040    111  
6042    111  
6048    111  
6055    111  
6072    111  
6085    111  
6093    111  
6094    111  
6105    111  
6106    111  
6117    111  
6119    111  
6122    111  
6123    111  
6127    111  
6131    111  
6135    111  
6136    111  
6137    111  
6139    111  
6146    111  
6158    111  
6160    111  
6164    111  
6178    111  
6193    111  
6195    111  
6201    111  
6210    111  
6216    888  
6223    111  
6224    111  
6228    111  
6236    111  
6239    111  
6240    111  
6253    111  
6263    111  
6269    111  
6278    111  
6288    111  
6296    111  
6307    111  
6310    111  
6316    111  
6317    111  
6326    111  
6327    111  
6333    111  
6339    111  
6348    111  
6349    111  
6350    111  
6353    111  
6362    111  
6368    111  
6380    111  
6382    111  
6384    111  
6396    111  
6397    111  
6399    111  
6400    111  
6405    111  
6413    111  
6422    111  
6427    111  
6433    111  
6446    111  
6451    111  
6459    111  
6460    111  
6462    111  
6473    111  
6489    111  
6491    111  
6527    111  
6529    111  
6532    111  
6533    111  
6553    111  
6562    111  
6573    888  
6576    111  
6577    111  
6586    111  
6588    111  
6595    111  
6600    111  
6612    111  
6614    111  
6615    111  
6617    111  
6618    111  
6624    111  
6634    111  
6635    111  
6648    888  
6649    111  
6652    111  
6653    111  
6656    888  
6659    111  
6670    111  
6674    111  
6675    111  
6677    111  
6678    111  
6687    111  
6688    111  
6699    111  
6713    111  
6715    111  
6717    111  
6718    111  
6720    111  
6731    111  
6733    111  
6735    111  
6737    111  
6742    111  
6746    111  
6750    111  
6769    111  
6771    111  
6774    111  
6779    111  
6787    111  
6789    111  
6800    111  
6806    111  
6807    111  
6811    111  
6818    111  
6830    111  
6831    111  
6837    111  
6838    111  
6846    111  
6856    111  
6861    111  
6864    111  
6868    111  
6877    111  
6878    111  
6880    111  
6884    111  
6885    111  
6889    111  
6897    111  
6899    111  
6900    111  
6901    888  
6905    111  
6909    111  
6915    111  
6939    111  
6950    111  
6957    111  
6958    111  
6964    111  
6966    111  
6972    111  
6973    111  
6974    111  
6977    111  
6978    111  
6981    111  
6985    111  
6989    111  
6991    111  
6993    111  
6994    111  
6998    111  
7001    111  
7015    111  
7018    111  
7051    111  
7060    111  
7070    111  
7072    111  
7076    111  
7080    111  
7081    111  
7084    111  
7086    111  
7094    111  
7098    111  
7099    111  
7100    111  
7113    888  
7129    111  
7131    111  
7132    111  
7137    111  
7146    111  
7149    111  
7153    111  
7154    888  
7157    111  
7183    111  
7185    111  
7187    111  
7190    888  
7201    111  
7205    111  
7209    111  
7210    111  
7214    111  
7217    111  
7221    111  
7222    111  
7223    111  
7224    111  
7239    111  
7244    111  
7249    111  
7256    111  
7260    111  
7268    111  
7269    111  
7271    111  
7285    111  
7292    111  
7302    111  
7304    111  
7308    111  
7321    111  
7322    111  
7332    111  
7334    111  
7345    111  
7348    111  
7351    111  
7357    111  
7361    111  
7364    111  
7371    111  
7373    111  
7379    111  
7388    111  
7390    111  
7401    888  
7411    111  
7426    111  
7430    111  
7443    111  
7447    111  
7452    111  
7455    111  
7474    111  
7484    111  
7487    111  
7488    111  
7491    111  
7501    111  
7510    111  
7511    111  
7512    111  
7515    111  
7523    111  
7529    111  
7535    111  
7540    111  
7549    111  
7556    111  
7557    111  
7564    111  
7569    111  
7574    111  
7576    111  
7578    111  
7587    111  
7589    111  
7591    111  
7603    111  
7605    111  
7606    111  
7607    111  
7614    111  
7619    111  
7621    111  
7623    111  
7627    111  
7633    111  
7638    111  
7645    111  
7650    111  
7661    111  
7663    111  
7671    111  
7681    111  
7686    111  
7701    111  
7702    111  
7706    111  
7720    111  
7728    111  
7731    111  
7733    111  
7739    111  
7740    111  
7749    888  
7753    111  
7756    888  
7759    111  
7764    111  
7773    111  
7776    111  
7786    111  
7794    111  
7808    111  
7813    111  
7818    111  
7821    111  
7823    888  
7824    111  
7842    111  
7857    111  
7858    111  
7868    111  
7870    111  
7874    111  
7877    111  
7882    111  
7893    111  
7895    111  
7902    111  
7910    111  
7918    111  
7922    111  
7923    111  
7925    111  
7927    111  
7937    111  
7941    111  
7942    111  
7945    111  
7949    111  
7951    111  
7952    111  
7958    111  
7966    111  
7977    111  
7995    111  
8009    111  
8010    111  
8015    111  
8019    111  
8020    111  
8024    111  
8025    111  
8028    111  
8042    111  
8043    111  
8050    111  
8056    111  
8060    111  
8062    111  
8067    111  
8074    111  
8081    111  
8084    111  
8090    111  
8093    111  
8109    111  
8114    111  
8121    111  
8127    111  
8128    111  
8137    111  
8138    111  
8142    111  
8143    111  
8144    111  
8146    888  
8148    111  
8155    111  
8159    111  
8170    111  
8171    111  
8174    111  
8176    111  
8179    111  
8180    111  
8207    111  
8216    111  
8218    111  
8225    111  
8230    111  
8231    111  
8234    111  
8235    111  
8236    111  
8237    111  
8241    111  
8253    111  
8254    111  
8270    111  
8277    111  
8293    111  
8296    111  
8298    111  
8302    111  
8304    111  
8306    111  
8310    111  
8318    111  
8321    111  
8332    111  
8334    111  
8335    111  
8341    111  
8347    111  
8348    111  
8349    111  
8353    111  
8360    111  
8365    111  
8368    111  
8377    111  
8379    111  
8385    111  
8387    111  
8394    111  
8397    111  
8400    111  
8409    111  
8415    111  
8418    111  
8424    111  
8429    888  
8435    111  
8454    111  
8455    111  
8457    111  
8462    111  
8466    111  
8474    111  
8477    111  
8485    111  
8486    111  
8488    111  
8489    111  
8494    111  
8503    111  
8514    111  
8519    111  
8538    111  
8539    111  
8541    111  
8544    111  
8546    111  
8547    111  
8548    111  
8549    111  
8551    111  
8554    111  
8557    111  
8561    111  
8562    111  
8567    111  
8571    111  
8574    111  
8586    111  
8594    111  
8600    111  
8605    111  
8610    111  
8620    111  
8622    111  
8632    111  
8640    111  
8657    111  
8664    111  
8666    111  
8684    111  
8685    111  
8687    111  
8698    111  
8706    111  
8715    111  
8718    111  
8724    111  
8725    111  
8728    111  
8732    111  
8734    111  
8737    111  
8747    111  
8751    111  
8759    111  
8771    111  
8774    111  
8777    111  
8779    111  
8781    111  
8789    111  
8793    111  
8794    111  
8797    111  
8806    111  
8811    111  
8812    111  
8828    111  
8841    111  
8853    111  
8854    111  
8858    111  
8859    111  
8863    111  
8870    111  
8872    111  
8883    111  
8885    111  
8887    111  
8893    111  
8916    111  
8921    111  
8933    111  
8935    111  
8940    111  
8943    888  
8949    111  
8957    111  
8962    111  
8966    111  
8973    888  
8984    111  
8986    111  
8987    111  
8994    111  
8996    111  
8999    111  
9000    111  
9001    111  
9003    111  
9012    111  
9016    111  
9018    111  
9019    111  
9023    111  
9026    111  
9033    111  
9035    111  
9037    111  
9043    111  
9044    111  
9050    111  
9058    111  
9062    111  
9063    111  
9064    111  
9077    111  
9080    111  
9083    111  
9084    111  
9091    111  
9094    111  
9095    111  
9100    111  
9104    111  
9114    111  
9116    111  
9121    111  
9124    111  
9133    111  
9134    111  
9136    111  
9141    111  
9143    111  
9150    888  
9156    111  
9159    111  
9164    111  
9167    111  
9170    111  
9175    111  
9180    111  
9184    111  
9190    111  
9192    111  
9193    111  
9203    111  
9207    111  
9217    111  
9219    111  
9220    888  
9234    111  
9236    111  
9237    111  
9245    111  
9257    111  
9259    111  
9260    111  
9262    111  
9263    111  
9264    111  
9274    111  
9275    111  
9277    111  
9278    111  
9307    111  
9309    111  
9317    111  
9318    111  
9319    111  
9324    111  
9325    111  
9335    111  
9354    111  
9356    111  
9365    111  
9381    111  
9383    111  
9387    111  
9406    111  
9407    111  
9409    111  
9430    111  
9437    111  
9444    111  
9450    111  
9451    111  
9454    111  
9455    111  
9456    111  
9457    111  
9458    111  
9463    111  
9464    111  
9470    111  
9476    111  
9480    111  
9481    111  
9483    111  
9484    111  
9485    111  
9487    111  
9490    111  
9492    111  
9493    111  
9495    111  
9505    111  
9506    111  
9507    111  
9511    111  
9515    111  
9516    111  
9519    111  
9520    111  
9525    111  
9529    111  
9531    111  
9537    111  
9545    111  
9554    888  
9556    111  
9560    888  
9565    111  
9570    111  
9572    111  
9574    111  
9582    111  
9592    111  
9597    111  
9603    111  
9615    111  
9620    111  
9623    111  
9624    111  
9627    111  
9636    111  
9640    111  
9651    111  
9657    111  
9666    111  
9668    111  
9672    111  
9678    111  
9685    111  
9687    111  
9693    111  
9696    111  
9697    111  
9701    111  
9712    111  
9713    111  
9714    111  
9719    111  
9722    111  
9724    111  
9732    111  
9737    111  
9740    111  
9742    111  
9747    888  
9752    111  
9756    111  
9758    111  
9760    111  
9761    111  
9762    111  
9772    111  
9773    111  
9787    111  
9791    111  
9792    111  
9809    111  
9825    111  
9827    888  
9831    111  
9832    111  
9848    111  
9884    111  
9892    111  
9894    111  
9897    111  
9899    111  
9901    111  
9903    111  
9915    111  
9918    111  
9921    111  
9928    111  
9932    111  
9937    111  
9943    111  
9944    111  
9948    111  
9949    111  
9952    111  
9958    111  
9961    111  
9967    111  
9970    111  
9972    111  
9974    111  
9980    111  
9982    111  
9985    111  
9990    111  
9995    111  
9996    111  
9998    111  
9999    111  
10013   111  
10014   111  
10015   111  
10026   111  
10033   111  
10038   111  
10041   111  
10049   111  
10053   111  
10057   111  
10067   111  
10069   111  
10079   888  
10081   111  
10082   111  
10088   111  
10100   111  
10102   111  
10104   111  
10113   111  
10117   111  
10118   111  
10119   111  
10122   111  
10129   111  
10133   111  
10143   111  
10145   111  
10155   111  
10156   111  
10158   111  
10163   111  
10168   111  
10176   111  
10184   111  
10188   111  
10191   111  
10192   111  
10195   111  
10196   111  
10201   111  
10204   111  
10231   111  
10234   111  
10240   111  
10241   111  
10244   111  
10250   111  
10252   111  
10254   111  
10257   111  
10259   111  
10260   111  
10263   111  
10265   111  
10267   111  
10269   111  
10270   111  
10281   111  
10283   111  
10288   111  
10289   111  
10301   111  
10304   111  
10311   111  
10313   111  
10320   111  
10321   111  
10326   111  
10327   111  
10343   111  
10344   111  
10353   111  
10357   111  
10358   111  
10360   111  
10361   111  
10364   111  
10376   111  
10378   111  
10389   111  
10390   111  
10398   111  
10403   111  
10405   111  
10410   111  
10416   111  
10419   111  
10427   111  
10434   111  
10439   111  
10444   111  
10459   111  
10473   111  
10476   111  
10479   111  
10481   111  
10484   111  
10486   111  
10488   111  
10491   111  
10495   888  
10506   111  
10513   111  
10518   111  
10527   111  
10528   111  
10535   111  
10538   111  
10540   111  
10543   111  
10547   111  
10552   111  
10554   111  
10557   111  
10560   111  
10561   111  
10566   111  
10569   111  
10577   111  
10586   111  
10591   111  
10601   111  
10614   111  
10616   111  
10621   111  
10622   111  
10624   888  
10626   111  
10627   111  
10628   111  
10629   111  
10641   111  
10663   111  
10664   111  
10675   111  
10676   888  
10678   111  
10688   111  
10700   111  
10706   111  
10708   111  
10718   111  
10721   111  
10723   111  
10729   111  
10735   111  
10742   111  
10743   111  
10748   111  
10749   111  
10751   111  
10753   111  
10755   111  
10768   111  
10769   111  
10774   111  
10780   111  
10787   111  
10791   888  
10797   111  
10798   111  
10799   111  
10803   111  
10809   111  
10819   111  
10822   111  
10823   111  
10834   111  
10837   111  
10862   111  
10887   111  
10888   111  
10889   111  
10902   111  
10905   111  
10913   111  
10918   111  
10920   111  
10924   111  
10927   111  
10936   111  
10952   111  
10954   111  
10955   111  
10960   111  
10965   111  
10982   111  
10985   111  
10987   111  
10994   888  
10999   111  
11023   111  
11035   111  
11041   111  
11043   111  
11045   111  
11051   111  
11054   111  
11058   111  
11063   111  
11069   111  
11083   111  
11092   111  
11095   111  
11108   111  
11115   111  
11127   111  
11132   111  
11133   111  
11136   111  
11154   111  
11156   111  
11159   111  
11170   111  
11175   111  
11186   111  
11188   111  
11191   111  
11196   111  
11209   111  
11214   111  
11217   111  
11218   111  
11223   111  
11253   111  
11269   111  
11270   111  
11274   111  
11280   111  
11289   111  
11293   111  
11299   111  
11304   111  
11317   111  
11327   111  
11330   111  
11332   111  
11339   111  
11341   111  
11361   111  
11363   111  
11368   111  
11376   111  
11378   111  
11380   111  
11387   111  
11402   111  
11403   111  
11406   111  
11436   111  
11437   111  
11440   111  
11444   111  
11446   111  
11449   111  
11461   111  
11462   111  
11464   111  
11468   111  
11471   111  
11480   111  
11482   111  
11484   111  
11485   111  
11487   111  
11495   111  
11510   111  
11513   111  
11532   111  
11540   111  
11548   111  
11551   111  
11559   111  
11564   111  
11574   111  
11580   111  
11584   111  
11596   111  
11601   111  
11604   111  
11605   111  
11607   888  
11620   111  
11623   111  
11627   111  
11628   111  
11632   111  
11634   111  
11637   111  
11638   111  
11642   111  
11645   111  
11648   111  
11651   111  
11655   111  
11662   111  
11663   111  
11668   111  
11672   111  
11678   888  
11695   111  
11699   111  
11700   111  
11711   111  
11719   111  
11724   111  
11727   111  
11730   111  
11762   111  
11766   111  
11775   111  
11781   111  
11784   111  
11785   111  
11792   111  
11800   111  
11804   111  
11807   888  
11811   111  
11815   111  
11820   111  
11831   111  
11833   111  
11841   111  
11850   111  
11851   111  
11855   111  
11857   111  
11863   111  
11864   888  
11869   111  
11873   111  
11882   111  
11892   111  
11900   111  
11904   111  
11909   111  
11910   111  
11912   111  
11913   111  
11914   111  
11916   111  
11919   111  
11929   111  
11933   111  
11936   111  
11937   111  
11939   111  
11945   111  
11969   111  
11973   111  
11974   111  
11980   111  
11993   111  
12001   111  
12010   111  
12011   111  
12015   111  
12016   111  
12020   111  
12021   111  
12024   111  
12025   111  
12033   111  
12037   111  
12038   111  
12040   111  
12043   111  
12067   111  
12070   111  
12073   111  
12074   111  
12075   111  
12085   111  
12088   111  
12096   111  
12097   111  
12104   111  
12112   888  
12118   111  
12119   111  
12123   111  
12124   111  
12133   111  
12135   111  
12138   111  
12139   111  
12146   111  
12147   111  
12154   111  
12165   111  
12171   111  
12176   111  
12179   111  
12184   111  
12189   111  
12193   111  
12194   111  
12196   111  
12199   111  
12205   111  
12210   111  
12235   111  
12242   111  
12244   111  
12246   111  
12252   111  
12255   111  
12261   111  
12268   111  
12279   111  
12287   111  
12306   111  
12317   888  
12322   111  
12326   111  
12327   111  
12331   111  
12334   111  
12346   111  
12352   111  
12360   111  
12372   111  
12376   111  
12383   111  
12387   111  
12400   111  
12402   111  
12405   111  
12415   111  
12426   111  
12429   111  
12433   111  
12438   111  
12444   111  
12459   111  
12471   111  
12480   111  
12481   111  
12484   111  
12486   111  
12490   111  
12495   111  
12507   111  
12508   111  
12513   111  
12516   111  
12527   111  
12531   111  
12533   111  
12546   111  
12549   111  
12550   111  
12554   111  
12564   111  
12572   111  
12577   111  
12578   111  
12589   111  
12598   111  
12600   111  
12602   111  
12604   111  
12606   111  
12607   111  
12609   111  
12620   111  
12622   111  
12635   111  
12639   111  
12643   111  
12654   111  
12662   111  
12670   111  
12674   111  
12677   111  
12679   111  
12682   111  
12702   111  
12704   111  
12717   111  
12725   111  
12726   111  
12728   111  
12729   111  
12735   111  
12756   111  
12759   111  
12766   111  
12778   888  
12783   111  
12795   111  
12797   111  
12798   111  
12809   111  
12811   111  
12815   111  
12819   111  
12820   111  
12829   111  
12834   111  
12840   111  
12846   111  
12851   111  
12854   111  
12855   111  
12862   111  
12865   111  
12872   111  
12873   111  
12879   111  
12883   111  
12903   111  
12908   111  
12909   111  
12914   111  
12920   111  
12922   111  
12927   111  
12929   111  
12933   111  
12935   111  
12944   111  
12957   111  
12959   111  
12968   111  
12973   111  
12975   111  
12976   111  
12978   111  
12980   111  
12982   111  
12993   111  
12997   111  
12999   111  
13000   111  
13003   111  
13016   111  
13020   111  
13022   111  
13028   111  
13058   111  
13072   111  
13077   111  
13089   111  
13093   111  
13101   111  
13102   111  
13108   111  
13122   111  
13135   111  
13136   111  
13150   888  
13151   111  
13168   111  
13173   111  
13175   111  
13176   111  
13185   111  
13186   111  
13191   111  
13200   111  
13201   111  
13205   111  
13209   111  
13219   111  
13225   111  
13238   111  
13245   111  
13246   111  
13247   111  
13252   111  
13254   111  
13255   111  
13271   111  
13273   111  
13276   111  
13288   111  
13295   111  
13300   111  
13310   111  
13336   111  
13341   111  
13342   111  
13343   111  
13345   111  
13353   111  
13370   111  
13387   888  
13388   111  
13390   111  
13391   111  
13399   111  
13407   888  
13417   111  
13425   111  
13429   111  
13433   111  
13435   111  
13437   111  
13449   111  
13451   111  
13456   111  
13458   111  
13460   111  
13471   111  
13478   111  
13479   111  
13481   111  
13485   111  
13486   111  
13488   111  
13490   111  
13493   111  
13494   111  
13496   111  
13502   111  
13505   111  
13512   111  
13515   111  
13518   111  
13524   111  
13528   111  
13533   111  
13539   111  
13546   111  
13551   111  
13556   111  
13558   111  
13569   111  
13570   111  
13577   111  
13579   111  
13581   111  
13584   111  
13585   111  
13586   111  
13589   111  
13594   111  
13595   888  
13599   111  
13600   111  
13606   111  
13620   111  
13622   111  
13631   111  
13632   111  
13634   111  
13636   111  
13638   111  
13639   111  
13640   111  
13641   111  
13643   111  
13647   111  
13666   111  
13669   111  
13672   111  
13679   111  
13685   111  
13687   111  
13702   111  
13709   111  
13713   111  
13714   111  
13716   111  
13718   111  
13723   111  
13728   111  
13737   111  
13739   111  
13741   111  
13754   111  
13756   111  
13766   111  
13767   111  
13798   111  
13800   111  
13801   111  
13804   111  
13805   111  
13808   111  
13813   111  
13815   111  
13830   111  
13833   111  
13842   111  
13849   111  
13855   111  
13856   111  
13861   111  
13862   111  
13876   111  
13883   888  
13887   111  
13891   111  
13896   111  
13917   111  
13919   111  
13920   111  
13937   111  
13947   111  
13963   111  
13966   111  
13969   111  
13971   111  
13974   111  
13977   111  
13978   111  
13981   111  
13987   111  
13988   111  
13991   111  
13998   111  
14006   111  
14010   111  
14029   111  
14033   111  
14035   111  
14036   111  
14041   111  
14044   111  
14049   111  
14053   111  
14059   111  
14060   111  
14063   111  
14077   888  
14081   111  
14086   111  
14088   111  
14104   111  
14107   111  
14108   111  
14110   111  
14127   111  
14128   111  
14130   111  
14133   111  
14134   111  
14141   111  
14148   111  
14154   111  
14156   111  
14161   111  
14164   111  
14165   111  
14170   111  
14172   111  
14173   111  
14176   111  
14178   111  
14183   111  
14197   111  
14199   888  
14220   111  
14224   111  
14225   111  
14239   111  
14243   111  
14252   111  
14255   111  
14257   111  
14260   111  
14263   111  
14266   111  
14267   111  
14270   111  
14277   111  
14282   111  
14283   111  
14284   111  
14299   888  
14307   111  
14310   111  
14316   111  
14320   111  
14328   111  
14332   888  
14342   111  
14343   111  
14353   111  
14356   111  
14361   111  
14363   111  
14365   111  
14366   111  
14367   888  
14372   111  
14373   888  
14385   111  
14387   111  
14391   888  
14403   111  
14405   111  
14406   111  
14407   111  
14421   111  
14422   111  
14423   111  
14428   111  
14450   111  
14455   111  
14457   111  
14459   111  
14461   111  
14468   111  
14470   111  
14474   111  
14484   111  
14488   111  
14503   111  
14511   111  
14515   111  
14520   111  
14521   111  
14523   111  
14527   111  
14528   111  
14533   888  
14538   888  
14539   111  
14543   111  
14545   111  
14548   111  
14549   111  
14551   111  
14556   111  
14558   111  
14578   111  
14579   111  
14583   111  
14592   111  
14593   111  
14597   111  
14600   111  
14603   111  
14609   111  
14610   111  
14616   111  
14624   111  
14630   111  
14632   111  
14634   111  
14642   111  
14644   111  
14648   111  
14664   111  
14666   111  
14674   111  
14675   111  
14677   111  
14679   111  
14687   111  
14688   111  
14689   111  
14691   111  
14693   111  
14696   111  
14706   111  
14707   111  
14708   111  
14709   111  
14716   111  
14718   111  
14722   111  
14723   111  
14728   111  
14738   111  
14742   111  
14743   111  
14748   111  
14749   111  
14752   111  
14755   111  
14757   111  
14766   111  
14771   111  
14782   111  
14783   111  
14784   111  
14787   111  
14788   111  
14796   111  
14809   111  
14825   111  
14831   111  
14832   111  
14847   111  
14850   111  
14854   111  
14857   111  
14872   111  
14877   111  
14878   111  
14885   111  
14886   111  
14889   111  
14891   111  
14895   111  
14896   111  
14898   111  
14907   111  
14915   111  
14918   111  
14922   111  
14923   111  
14934   111  
14935   111  
14937   111  
14938   111  
14944   111  
14950   111  
14952   111  
14962   111  
14964   111  
14965   111  
14968   111  
14971   111  
14975   111  
14983   111  
14984   111  
14987   111  
14989   111  
14998   111  
14999   111  
15004   111  
15016   111  
15019   111  
15023   111  
15029   111  
15035   111  
15041   111  
15042   111  
15043   111  
15046   111  
15049   111  
15050   111  
15053   111  
15056   111  
15059   111  
15062   111  
15068   111  
15069   111  
15070   111  
15075   111  
15076   111  
15083   111  
15084   111  
15095   111  
15099   111  
15107   111  
15110   111  
15114   111  
15115   111  
15118   111  
15122   111  
15130   888  
15138   111  
15139   111  
15145   111  
15152   111  
15155   111  
15156   111  
15160   111  
15166   111  
15169   111  
15174   111  
15195   111  
15198   111  
15202   111  
15204   111  
15222   111  
15228   111  
15233   888  
15237   111  
15243   111  
15244   111  
15251   111  
15262   111  
15269   111  
15273   111  
15280   111  
15285   111  
15286   111  
15287   111  
15290   111  
15294   111  
15300   111  
15304   111  
15306   111  
15307   111  
15309   111  
15335   111  
15336   111  
15339   111  
15340   111  
15341   111  
15347   111  
15353   111  
15360   111  
15363   111  
15366   111  
15370   111  
15371   111  
15376   111  
15379   111  
15382   111  
15386   111  
15392   111  
15393   111  
15405   111  
15406   111  
15414   111  
15418   111  
15426   111  
15432   111  
15433   111  
15438   111  
15444   111  
15450   111  
15451   111  
15452   111  
15454   888  
15459   111  
15461   111  
15468   111  
15472   111  
15485   111  
15488   111  
15493   111  
15511   111  
15522   111  
15541   111  
15548   111  
15550   111  
15551   111  
15557   111  
15558   111  
15576   111  
15580   111  
15583   111  
15587   111  
15591   111  
15603   111  
15621   111  
15625   111  
15626   888  
15644   111  
15646   111  
15647   111  
15667   111  
15668   111  
15670   111  
15671   111  
15680   111  
15682   111  
15683   111  
15686   111  
15696   111  
15700   111  
15707   111  
15709   111  
15714   111  
15717   111  
15724   111  
15728   111  
15740   111  
15746   111  
15750   111  
15759   111  
15761   111  
15768   111  
15778   111  
15781   111  
15782   111  
15785   111  
15787   111  
15788   111  
15797   111  
15804   111  
15811   111  
15815   111  
15830   111  
15832   111  
15837   111  
15848   111  
15849   111  
15851   111  
15855   111  
15872   111  
15873   111  
15874   111  
15875   111  
15894   111  
15897   111  
15898   111  
15907   111  
15908   111  
15915   111  
15916   111  
15919   111  
15921   111  
15922   888  
15925   111  
15928   111  
15931   111  
15932   111  
15942   111  
15947   111  
15956   111  
15961   111  
15964   111  
15965   111  
15966   111  
15968   111  
15969   111  
15977   111  
15980   111  
15981   111  
15984   111  
15994   111  
15997   111  
16001   111  
16012   111  
16013   111  
16022   111  
16023   111  
16028   111  
16036   111  
16046   111  
16048   111  
16052   111  
16057   111  
16059   111  
16064   111  
16065   111  
16068   111  
16069   111  
16071   111  
16073   111  
16074   111  
16088   111  
16089   111  
16101   111  
16105   111  
16113   111  
16116   111  
16121   111  
16129   111  
16131   111  
16137   111  
16138   111  
16142   111  
16149   111  
16152   111  
16162   111  
16163   111  
16164   111  
16165   111  
16172   111  
16181   111  
16184   888  
16196   111  
16198   111  
16199   111  
16201   111  
16203   111  
16205   111  
16208   111  
16209   111  
16213   111  
16243   111  
16245   111  
16246   111  
16249   111  
16251   111  
16254   111  
16256   111  
16260   111  
16263   111  
16266   111  
16273   111  
16279   111  
16281   111  
16292   111  
16298   111  
16300   111  
16303   111  
16314   111  
16319   111  
16326   111  
16333   111  
16334   111  
16343   111  
16351   111  
16352   111  
16361   888  
16367   111  
16370   111  
16371   111  
16372   111  
16376   111  
16378   111  
16383   111  
16387   111  
16395   111  
16399   111  
16411   111  
16419   111  
16420   111  
16430   111  
16434   111  
16436   111  
16439   111  
16441   111  
16447   111  
16452   111  
16456   111  
16458   111  
16460   111  
16474   111  
16476   111  
16478   111  
16479   111  
16483   111  
16485   111  
16487   111  
16494   111  
16497   111  
16499   111  
16500   111  
16510   111  
16511   111  
16515   111  
16517   111  
16524   111  
16531   111  
16538   111  
16539   111  
16545   111  
16546   111  
16547   111  
16551   111  
16553   111  
16558   111  
16560   111  
16563   111  
16568   111  
16596   111  
16597   111  
16606   111  
16611   111  
16616   111  
16617   111  
16622   111  
16630   111  
16638   111  
16640   111  
16657   111  
16665   111  
16669   111  
16675   111  
16676   111  
16679   111  
16692   111  
16701   111  
16703   111  
16705   111  
16716   111  
16722   888  
16726   111  
16734   111  
16738   111  
16746   111  
16753   111  
16755   111  
16763   111  
16769   111  
16773   111  
16776   111  
16786   111  
16789   111  
16808   111  
16809   111  
16815   111  
16816   111  
16817   111  
16820   111  
16821   111  
16822   111  
16827   111  
16832   888  
16833   111  
16834   111  
16836   111  
16843   111  
16850   111  
16852   111  
16855   111  
16859   111  
16872   111  
16878   111  
16879   111  
16881   111  
16888   111  
16892   111  
16896   111  
16905   111  
16914   111  
16915   111  
16921   111  
16924   111  
16926   111  
16928   111  
16929   111  
16937   111  
16944   111  
16948   111  
16951   888  
16956   111  
16962   111  
16976   111  
16984   111  
16995   111  
17013   111  
17014   111  
17019   111  
17026   111  
17038   111  
17056   111  
17064   111  
17072   111  
17073   111  
17074   111  
17075   111  
17077   111  
17088   111  
17094   111  
17097   111  
17100   111  
17104   111  
17110   111  
17118   111  
17120   111  
17122   111  
17129   111  
17135   111  
17140   111  
17141   111  
17142   111  
17143   111  
17144   111  
17145   111  
17149   111  
17153   111  
17164   111  
17165   111  
17170   111  
17173   111  
17174   111  
17187   111  
17189   111  
17192   111  
17197   111  
17198   111  
17200   111  
17202   111  
17204   111  
17218   111  
17226   111  
17228   111  
17231   111  
17235   888  
17246   111  
17247   111  
17254   111  
17256   111  
17264   111  
17272   111  
17280   888  
17300   888  
17301   111  
17308   111  
17311   111  
17324   111  
17328   111  
17329   111  
17335   111  
17340   111  
17346   111  
17352   111  
17363   111  
17366   111  
17371   111  
17376   111  
17381   111  
17390   111  
17395   111  
17396   111  
17400   111  
17415   111  
17421   111  
17424   111  
17431   111  
17435   111  
17436   111  
17440   111  
17443   111  
17445   111  
17447   111  
17448   111  
17449   111  
17457   111  
17463   111  
17464   111  
17469   111  
17480   111  
17485   111  
17486   111  
17493   111  
17496   111  
17513   111  
17514   111  
17524   111  
17532   111  
17539   111  
17541   111  
17542   111  
17545   111  
17546   111  
17547   111  
17551   111  
17554   111  
17560   111  
17569   111  
17571   111  
17572   111  
17573   111  
17578   111  
17581   111  
17583   111  
17592   111  
17596   111  
17600   111  
17601   111  
17611   111  
17622   111  
17625   111  
17638   111  
17640   111  
17648   888  
17651   111  
17667   111  
17670   111  
17675   111  
17677   111  
17684   111  
17691   111  
17696   111  
17700   111  
17702   111  
17704   111  
17710   111  
17711   111  
17718   111  
17737   111  
17749   111  
17754   111  
17755   111  
17757   111  
17760   111  
17770   111  
17773   111  
17779   111  
17791   111  
17792   111  
17796   111  
17797   111  
17819   111  
17824   111  
17825   111  
17828   111  
17829   111  
17831   111  
17834   111  
17858   111  
17859   111  
17860   111  
17862   111  
17867   111  
17871   111  
17878   111  
17887   111  
17890   111  
17892   111  
17896   111  
17897   111  
17899   111  
17902   111  
17911   111  
17919   111  
17920   111  
17924   111  
17927   111  
17928   111  
17937   111  
17942   111  
17946   111  
17947   111  
17948   111  
17949   111  
17950   111  
17955   111  
17962   111  
17966   111  
17967   888  
17969   111  
17970   111  
17975   111  
17981   111  
17984   111  
17992   111  
17993   111  
17994   111  
18016   111  
18025   888  
18026   111  
18027   111  
18029   111  
18036   111  
18042   111  
18045   111  
18053   111  
18055   111  
18060   111  
18062   111  
18064   111  
18074   111  
18088   111  
18089   111  
18097   111  
18100   111  
18106   111  
18111   888  
18117   111  
18120   111  
18129   111  
18131   111  
18135   111  
18138   111  
18140   111  
18141   111  
18147   111  
18152   111  
18155   888  
18163   111  
18175   111  
18179   111  
18184   111  
18188   111  
18190   111  
18201   111  
18203   111  
18204   111  
18208   111  
18211   111  
18212   111  
18221   111  
18236   111  
18239   111  
18240   111  
18242   111  
18248   111  
18256   111  
18268   111  
18269   111  
18276   888  
18280   111  
18286   111  
18287   111  
18288   111  
18291   111  
18296   111  
18300   111  
18309   111  
18314   111  
18315   111  
18319   111  
18323   111  
18325   111  
18337   111  
18340   111  
18354   111  
18358   111  
18362   888  
18378   111  
18380   111  
18383   111  
18386   111  
18394   111  
18401   111  
18402   111  
18405   111  
18409   111  
18410   111  
18411   111  
18420   111  
18428   111  
18430   111  
18435   111  
18436   111  
18441   111  
18449   111  
18458   111  
18461   111  
18465   111  
18473   111  
18476   111  
18482   111  
18488   111  
18494   111  
18495   111  
18502   111  
18512   111  
18515   111  
18517   111  
18530   111  
18532   111  
18536   111  
18539   111  
18542   111  
18553   111  
18555   111  
18561   111  
18562   111  
18564   111  
18565   111  
18568   111  
18583   111  
18584   111  
18596   111  
18598   111  
18601   111  
18609   111  
18611   111  
18615   111  
18616   111  
18634   111  
18638   111  
18641   111  
18643   111  
18649   111  
18656   111  
18659   111  
18660   111  
18670   111  
18689   111  
18696   111  
18697   111  
18700   111  
18705   111  
18713   111  
18716   111  
18720   111  
18725   111  
18734   111  
18735   111  
18740   111  
18741   111  
18745   111  
18751   111  
18752   111  
18758   111  
18763   111  
18772   111  
18773   111  
18779   111  
18790   111  
18800   111  
18804   111  
18805   111  
18814   111  
18817   111  
18828   111  
18829   111  
18837   111  
18844   111  
18846   111  
18847   111  
18857   111  
18860   111  
18861   111  
18866   888  
18884   111  
18908   111  
18909   111  
18913   111  
18918   111  
18919   111  
18931   111  
18935   111  
18964   111  
18967   111  
18968   111  
18980   111  
18982   111  
18987   111  
18993   111  
18994   111  
19000   111  
19001   111  
19003   111  
19010   111  
19021   111  
19028   111  
19030   111  
19031   111  
19037   111  
19050   111  
19057   111  
19059   111  
19061   111  
19062   111  
19063   111  
19064   111  
19065   111  
19067   111  
19074   111  
19085   111  
19092   111  
19104   111  
19107   111  
19114   111  
19129   111  
19137   111  
19139   111  
19140   888  
19153   111  
19156   111  
19161   111  
19170   111  
19178   111  
19179   111  
19184   111  
19186   888  
19189   111  
19205   111  
19206   111  
19214   111  
19215   111  
19219   111  
19221   111  
19224   111  
19233   111  
19234   111  
19255   111  
19256   111  
19258   111  
19269   111  
19271   111  
19273   888  
19286   111  
19289   111  
19295   111  
19297   111  
19319   111  
19320   111  
19321   111  
19325   111  
19332   111  
19340   111  
19349   111  
19351   111  
19352   111  
19354   111  
19364   111  
19366   111  
19374   111  
19376   111  
19379   111  
19380   111  
19386   111  
19392   111  
19396   111  
19399   111  
19400   111  
19401   111  
19402   111  
19406   111  
19410   111  
19411   111  
19412   111  
19413   111  
19416   111  
19422   111  
19425   111  
19426   111  
19437   111  
19442   111  
19443   111  
19451   111  
19469   111  
19470   111  
19472   111  
19480   111  
19485   111  
19491   111  
19493   111  
19494   111  
19499   111  
19502   111  
19505   111  
19506   111  
19511   111  
19515   111  
19526   111  
19529   111  
19530   111  
19541   111  
19546   111  
19552   111  
19557   111  
19564   111  
19566   111  
19573   111  
19574   111  
19575   111  
19592   111  
19596   111  
19599   111  
19605   111  
19607   111  
19616   111  
19625   111  
19629   111  
19632   111  
19639   111  
19640   111  
19645   111  
19649   111  
19655   111  
19661   111  
19662   111  
19663   111  
19666   111  
19671   111  
19672   111  
19681   111  
19684   111  
19686   111  
19689   111  
19691   111  
19697   111  
19707   111  
19708   888  
19714   111  
19732   888  
19748   111  
19751   111  
19753   111  
19754   888  
19758   111  
19762   111  
19767   111  
19769   111  
19771   111  
19772   111  
19782   111  
19784   111  
19786   111  
19787   111  
19788   111  
19790   111  
19794   111  
19798   111  
19801   111  
19802   111  
19803   111  
19830   111  
19841   111  
19845   111  
19850   111  
19855   111  
19856   111  
19858   111  
19862   111  
19863   111  
19882   111  
19884   111  
19886   111  
19887   111  
19897   111  
19901   111  
19921   111  
19922   111  
19925   111  
19926   111  
19930   111  
19931   111  
19932   111  
19937   111  
19948   111  
19962   111  
19964   111  
19966   111  
19969   111  
19971   111  
19973   111  
19975   111  
19990   111  
20002   111  
20003   111  
20010   111  
20018   111  
20022   111  
20031   111  
20034   111  
20037   111  
20041   111  
20049   111  
20055   111  
20057   111  
20073   111  
20080   111  
20085   111  
20090   111  
20091   111  
20099   111  
20100   111  
20107   111  
20111   111  
20123   111  
20126   111  
20130   111  
20140   111  
20147   111  
20158   111  
20163   111  
20165   111  
20184   111  
20189   111  
20190   111  
20191   111  
20194   111  
20195   111  
20202   111  
20210   888  
20219   111  
20220   111  
20224   111  
20234   111  
20238   111  
20242   111  
20243   111  
20246   111  
20261   111  
20271   111  
20274   111  
20284   888  
20294   111  
20301   111  
20302   111  
20307   111  
20308   111  
20310   111  
20311   111  
20313   111  
20318   111  
20322   111  
20333   111  
20336   111  
20348   111  
20349   111  
20350   111  
20364   111  
20365   111  
20376   111  
20382   111  
20387   111  
20390   111  
20394   111  
20396   111  
20412   111  
20414   111  
20431   111  
20435   111  
20440   111  
20441   111  
20445   111  
20459   111  
20461   111  
20464   111  
20478   888  
20488   111  
20498   111  
20506   111  
20515   111  
20523   111  
20531   111  
20549   111  
20565   111  
20571   111  
20592   111  
20598   111  
20601   111  
20606   111  
20619   111  
20620   111  
20623   111  
20629   111  
20642   111  
20643   111  
20647   111  
20652   111  
20657   111  
20660   111  
20664   111  
20667   111  
20680   111  
20691   111  
20705   111  
20720   111  
20735   111  
20738   111  
20741   111  
20753   111  
20755   111  
20762   111  
20770   111  
20771   111  
20773   111  
20779   111  
20795   111  
20804   111  
20805   111  
20816   111  
20825   111  
20845   111  
20846   111  
20852   111  
20870   111  
20873   111  
20877   111  
20888   111  
20894   111  
20899   111  
20902   111  
20904   111  
20919   111  
20920   111  
20922   111  
20926   111  
20930   111  
20931   111  
20935   111  
20947   111  
20960   111  
20969   111  
20975   111  
20983   111  
20990   111  
20992   111  
21000   111  
21006   111  
21015   111  
21022   111  
21023   111  
21024   111  
21025   111  
21027   111  
21029   111  
21036   111  
21039   111  
21040   111  
21044   111  
21046   111  
21050   888  
21053   111  
21054   111  
21067   111  
21071   111  
21073   888  
21081   111  
21090   111  
21104   111  
21122   111  
21123   111  
21136   111  
21140   111  
21141   111  
21170   888  
21171   111  
21172   111  
21180   111  
21181   111  
21185   111  
21204   111  
21218   111  
21219   888  
21220   111  
21221   111  
21226   111  
21227   111  
21233   111  
21238   111  
21247   111  
21248   111  
21265   111  
21268   111  
21269   111  
21283   111  
21284   111  
21295   111  
21303   111  
21305   111  
21307   111  
21314   111  
21324   111  
21326   111  
21332   111  
21337   111  
21339   111  
21341   111  
21343   111  
21350   111  
21357   111  
21367   111  
21371   111  
21377   111  
21396   111  
21405   111  
21425   111  
21431   111  
21436   111  
21438   111  
21439   111  
21441   111  
21442   111  
21444   111  
21447   111  
21455   111  
21458   111  
21461   111  
21463   111  
21476   111  
21480   111  
21485   111  
21486   111  
21494   111  
21496   111  
21497   111  
21500   111  
21503   111  
21504   111  
21508   111  
21513   111  
21525   111  
21527   111  
21531   111  
21534   111  
21538   111  
21547   111  
21553   111  
21585   111  
21586   111  
21589   111  
21619   111  
21626   111  
21627   111  
21631   111  
21634   111  
21639   111  
21655   111  
21656   111  
21661   111  
21665   111  
21667   111  
21669   111  
21684   888  
21692   111  
21695   111  
21699   111  
21703   111  
21706   111  
21719   111  
21725   111  
21730   111  
21735   111  
21736   111  
21750   111  
21760   111  
21766   111  
21767   111  
21774   111  
21784   111  
21787   111  
21790   111  
21794   111  
21795   111  
21802   111  
21808   111  
21810   111  
21811   111  
21825   111  
21827   111  
21833   111  
21840   111  
21852   111  
21854   111  
21857   111  
21859   111  
21869   111  
21870   111  
21875   111  
21892   111  
21894   111  
21899   111  
21901   111  
21902   111  
21916   111  
21918   111  
21922   111  
21923   111  
21924   111  
21932   111  
21933   111  
21941   111  
21942   111  
21947   111  
21949   111  
21964   111  
21975   111  
21988   111  
22042   111  
22049   111  
22057   111  
22067   111  
22079   111  
22082   111  
22084   111  
22090   111  
22094   111  
22097   111  
22103   888  
22106   111  
22108   111  
22115   111  
22120   111  
22125   111  
22127   111  
22145   111  
22163   111  
22171   111  
22176   111  
22177   111  
22187   111  
22203   111  
22205   111  
22208   111  
22209   111  
22213   111  
22216   111  
22221   111  
22223   111  
22224   111  
22228   111  
22233   111  
22234   111  
22242   111  
22243   111  
22252   111  
22259   111  
22270   111  
22278   111  
22287   111  
22292   111  
22298   111  
22302   111  
22308   111  
22322   111  
22330   111  
22332   111  
22336   111  
22352   111  
22353   111  
22356   111  
22360   111  
22365   111  
22367   111  
22369   111  
22370   111  
22375   111  
22380   111  
22382   111  
22391   111  
22395   111  
22396   111  
22401   111  
22408   111  
22411   111  
22413   111  
22414   111  
22415   111  
22444   111  
22445   111  
22446   111  
22447   111  
22448   111  
22473   111  
22474   111  
22475   111  
22478   111  
22492   111  
22510   111  
22515   111  
22523   111  
22528   111  
22529   111  
22531   111  
22541   111  
22556   111  
22558   111  
22569   111  
22576   111  
22577   111  
22580   111  
22589   111  
22592   111  
22594   111  
22599   111  
22603   111  
22606   111  
22609   111  
22615   111  
22620   111  
22626   111  
22628   111  
22636   888  
22638   111  
22640   111  
22643   111  
22647   111  
22649   111  
22650   111  
22653   111  
22655   111  
22663   111  
22665   111  
22669   111  
22676   111  
22680   111  
22682   111  
22684   888  
22691   111  
22699   111  
22703   111  
22705   111  
22709   111  
22711   111  
22713   111  
22720   111  
22732   111  
22733   111  
22739   111  
22745   111  
22752   111  
22754   111  
22757   111  
22760   111  
22761   111  
22766   111  
22769   111  
22778   111  
22779   111  
22786   111  
22793   111  
22801   111  
22811   111  
22823   111  
22830   111  
22837   111  
22839   111  
22840   111  
22859   111  
22860   111  
22873   111  
22878   111  
22881   111  
22882   111  
22888   111  
22889   111  
22897   111  
22902   111  
22907   111  
22910   111  
22912   111  
22917   111  
22918   111  
22919   111  
22925   111  
22931   111  
22932   111  
22936   111  
22937   111  
22939   111  
22947   111  
22953   111  
22964   111  
22974   111  
22990   888  
22993   111  
22997   111  
22999   111  
23000   111  
23002   111  
23005   111  
23011   111  
23012   111  
23014   111  
23017   111  
23030   111  
23034   111  
23035   111  
23038   111  
23039   111  
23040   111  
23044   111  
23046   111  
23047   111  
23051   111  
23053   111  
23056   111  
23058   111  
23063   111  
23064   111  
23068   111  
23071   111  
23100   111  
23102   111  
23107   111  
23111   111  
23113   111  
23116   111  
23122   111  
23123   111  
23131   111  
23133   111  
23134   111  
23142   111  
23143   111  
23148   111  
23149   111  
23150   111  
23157   111  
23161   111  
23162   111  
23166   111  
23167   111  
23190   111  
23191   111  
23196   111  
23207   111  
23214   111  
23215   111  
23217   111  
23224   111  
23227   111  
23231   111  
23232   111  
23235   111  
23244   111  
23247   111  
23248   111  
23255   111  
23257   111  
23260   111  
23262   111  
23270   111  
23271   111  
23277   111  
23278   111  
23290   111  
23291   111  
23293   111  
23300   111  
23301   111  
23302   111  
23303   111  
23317   111  
23320   111  
23322   111  
23324   111  
23327   111  
23329   111  
23339   111  
23350   111  
23355   111  
23368   111  
23378   111  
23379   111  
23389   111  
23392   111  
23395   111  
23400   111  
23403   111  
23407   111  
23409   111  
23410   111  
23418   111  
23422   111  
23424   111  
23426   111  
23433   111  
23441   888  
23457   111  
23460   111  
23464   111  
23467   111  
23476   111  
23478   111  
23480   111  
23482   111  
23491   111  
23499   111  
23506   111  
23508   111  
23509   111  
23512   111  
23516   111  
23517   111  
23518   111  
23536   111  
23540   111  
23542   888  
23554   111  
23557   111  
23558   111  
23563   111  
23564   111  
23566   111  
23578   111  
23581   111  
23582   111  
23583   111  
23585   111  
23586   111  
23589   111  
23595   111  
23598   111  
23599   111  
23605   111  
23607   111  
23609   111  
23613   111  
23620   111  
23624   111  
23633   111  
23635   111  
23639   111  
23651   111  
23659   111  
23664   111  
23667   111  
23668   111  
23669   111  
23670   111  
23674   111  
23679   111  
23712   111  
23720   111  
23731   111  
23751   111  
23754   111  
23759   111  
23761   111  
23769   111  
23772   111  
23778   111  
23783   111  
23784   111  
23786   111  
23797   111  
23803   111  
23821   888  
23824   111  
23825   111  
23826   111  
23851   111  
23859   111  
23881   111  
23896   111  
23903   111  
23904   111  
23914   111  
23921   111  
23940   111  
23941   111  
23945   111  
23949   111  
23951   111  
23958   111  
23963   111  
23969   111  
23970   111  
23977   111  
23984   111  
23986   111  
23995   111  
23999   111  
24002   111  
24005   111  
24008   111  
24016   111  
24026   111  
24032   111  
24033   111  
24041   111  
24045   111  
24046   888  
24052   111  
24059   111  
24063   111  
24070   111  
24075   111  
24081   111  
24086   111  
24088   111  
24090   111  
24094   111  
24115   111  
24119   111  
24128   111  
24131   888  
24136   111  
24140   111  
24143   111  
24147   111  
24150   111  
24151   111  
24159   111  
24162   111  
24168   111  
24171   111  
24173   111  
24176   111  
24179   888  
24180   111  
24181   111  
24185   111  
24187   888  
24194   111  
24197   111  
24201   111  
24209   111  
24212   111  
24220   111  
24222   111  
24227   111  
24248   111  
24252   111  
24256   111  
24257   111  
24259   111  
24267   111  
24280   111  
24284   111  
24291   111  
24292   111  
24295   111  
24297   111  
24302   111  
24304   111  
24308   111  
24313   111  
24321   111  
24327   111  
24328   111  
24329   888  
24335   111  
24344   111  
24345   111  
24348   111  
24358   111  
24370   111  
24372   111  
24374   111  
24375   111  
24379   111  
24387   111  
24388   111  
24400   111  
24407   111  
24408   111  
24409   111  
24411   111  
24415   111  
24418   111  
24419   111  
24421   111  
24427   111  
24431   111  
24441   111  
24443   111  
24444   111  
24473   111  
24474   111  
24477   111  
24487   111  
24492   111  
24496   111  
24501   111  
24521   111  
24524   111  
24535   111  
24537   111  
24538   111  
24540   111  
24541   111  
24542   111  
24544   111  
24547   111  
24551   111  
24559   111  
24561   111  
24562   111  
24564   111  
24566   111  
24568   111  
24569   111  
24570   111  
24589   111  
24598   111  
24600   111  
24605   111  
24613   111  
24617   111  
24618   111  
24620   111  
24621   111  
24628   111  
24635   111  
24652   111  
24654   111  
24663   111  
24664   111  
24673   111  
24675   111  
24677   111  
24678   111  
24691   111  
24698   111  
24699   111  
24705   111  
24706   111  
24707   111  
24718   111  
24726   111  
24732   111  
24733   111  
24740   111  
24744   111  
24749   111  
24752   111  
24768   111  
24782   111  
24795   111  
24799   111  
24802   111  
24817   111  
24824   111  
24826   111  
24828   111  
24843   111  
24844   111  
24858   111  
24881   111  
24882   111  
24885   111  
24888   111  
24890   111  
24893   111  
24899   111  
24901   111  
24902   111  
24906   111  
24911   111  
24912   111  
24913   111  
24914   111  
24916   888  
24922   111  
24923   111  
24926   111  
24929   111  
24930   111  
24944   111  
24951   111  
24953   111  
24956   111  
24970   111  
24980   111  
24993   111  
24999   111  
25003   111  
25015   111  
25019   111  
25025   111  
25026   111  
25028   111  
25030   111  
25043   111  
25044   111  
25048   111  
25063   111  
25064   111  
25065   111  
25082   111  
25086   111  
25088   111  
25096   111  
25104   111  
25107   111  
25111   111  
25115   111  
25128   888  
25134   111  
25138   111  
25139   111  
25147   111  
25148   111  
25149   111  
25151   111  
25153   111  
25155   111  
25156   111  
25161   111  
25163   111  
25166   111  
25168   111  
25170   111  
25173   111  
25176   111  
25177   111  
25180   111  
25181   111  
25185   111  
25186   111  
25193   111  
25197   111  
25198   111  
25200   111  
25201   111  
25206   111  
25209   111  
25212   111  
25216   111  
25218   888  
25225   111  
25227   111  
25254   111  
25258   111  
25274   111  
25280   111  
25282   111  
25283   111  
25291   111  
25297   111  
25299   111  
25314   111  
25315   111  
25319   111  
25322   111  
25324   111  
25328   111  
25336   111  
25340   111  
25345   111  
25346   111  
25348   111  
25349   111  
25355   111  
25361   111  
25363   111  
25364   111  
25365   111  
25367   111  
25375   111  
25397   111  
25420   111  
25422   111  
25439   111  
25444   111  
25445   111  
25446   111  
25451   111  
25452   111  
25453   111  
25455   111  
25458   111  
25477   111  
25482   111  
25487   111  
25488   111  
25495   111  
25496   111  
25502   111  
25509   111  
25514   111  
25515   111  
25518   111  
25520   111  
25549   111  
25550   111  
25568   111  
25573   111  
25581   111  
25582   111  
25596   111  
25600   111  
25604   111  
25605   111  
25608   111  
25614   111  
25622   111  
25624   111  
25638   111  
25651   111  
25661   111  
25662   111  
25669   111  
25674   111  
25679   111  
25680   111  
25690   111  
25695   111  
25700   111  
25702   111  
25708   111  
25711   111  
25722   111  
25723   111  
25724   111  
25725   111  
25737   111  
25742   111  
25755   111  
25757   111  
25759   111  
25761   111  
25775   111  
25776   111  
25779   111  
25781   111  
25784   111  
25788   111  
25789   111  
25791   111  
25792   111  
25805   111  
25808   111  
25810   111  
25812   111  
25820   111  
25827   111  
25828   111  
25829   111  
25832   111  
25836   111  
25842   111  
25844   888  
25850   111  
25851   111  
25852   111  
25857   111  
25858   111  
25862   111  
25867   111  
25869   111  
25874   111  
25877   111  
25883   111  
25890   111  
25893   111  
25899   111  
25901   111  
25912   111  
25915   111  
25918   111  
25931   111  
25932   111  
25941   111  
25942   111  
25946   111  
25949   111  
25952   111  
25963   111  
25968   111  
25970   111  
25972   111  
25975   111  
25982   111  
25997   111  
26000   111  
26003   111  
26004   111  
26006   111  
26014   111  
26018   111  
26019   111  
26022   111  
26027   111  
26028   111  
26035   111  
26041   888  
26044   111  
26057   111  
26059   111  
26062   111  
26067   111  
26074   111  
26082   111  
26083   111  
26088   111  
26098   111  
26111   888  
26115   111  
26120   888  
26124   111  
26134   111  
26140   111  
26142   111  
26143   111  
26147   111  
26151   111  
26155   111  
26168   111  
26174   111  
26176   111  
26179   111  
26187   111  
26190   111  
26194   111  
26196   111  
26197   111  
26208   111  
26212   111  
26214   111  
26218   111  
26222   111  
26224   111  
26225   111  
26238   111  
26239   111  
26243   111  
26245   111  
26250   111  
26253   111  
26254   111  
26259   111  
26270   111  
26272   111  
26282   111  
26290   111  
26295   111  
26300   111  
26303   111  
26322   111  
26325   111  
26326   111  
26328   111  
26330   111  
26340   111  
26348   111  
26358   111  
26361   111  
26365   111  
26368   111  
26379   111  
26380   111  
26381   111  
26388   111  
26391   111  
26398   111  
26407   111  
26408   111  
26424   111  
26429   111  
26430   111  
26431   111  
26434   111  
26436   111  
26440   111  
26441   111  
26444   111  
26446   111  
26455   111  
26459   111  
26463   111  
26465   111  
26471   111  
26488   111  
26490   111  
26507   111  
26512   111  
26514   111  
26518   111  
26527   111  
26529   111  
26530   111  
26531   111  
26532   111  
26537   111  
26546   111  
26548   111  
26559   111  
26560   111  
26570   111  
26573   111  
26574   111  
26579   111  
26591   111  
26594   111  
26599   111  
26600   111  
26617   111  
26621   111  
26631   111  
26633   111  
26635   111  
26638   111  
26642   111  
26647   111  
26652   111  
26658   888  
26659   111  
26663   111  
26664   111  
26667   111  
26668   111  
26671   111  
26673   888  
26675   111  
26680   111  
26684   111  
26686   111  
26691   111  
26692   111  
26693   111  
26697   111  
26706   111  
26710   111  
26713   111  
26727   888  
26729   111  
26730   111  
26733   111  
26734   111  
26736   111  
26738   111  
26741   111  
26742   111  
26749   111  
26751   111  
26758   111  
26760   111  
26766   111  
26768   111  
26769   111  
26770   111  
26774   111  
26779   111  
26780   111  
26781   111  
26784   111  
26787   111  
26789   111  
26790   111  
26792   111  
26796   111  
26800   111  
26802   111  
26805   111  
26811   111  
26812   111  
26814   111  
26818   111  
26820   111  
26823   111  
26825   111  
26826   111  
26834   111  
26837   111  
26838   111  
26839   111  
26845   111  
26846   111  
26848   888  
26853   111  
26855   111  
26858   111  
26878   111  
26879   111  
26882   111  
26883   111  
26884   111  
26889   111  
26892   111  
26898   111  
26900   111  
26908   111  
26911   111  
26925   111  
26929   111  
26940   111  
26946   111  
26952   111  
26953   111  
26954   111  
26958   111  
26959   111  
26960   111  
26961   111  
26964   111  
26965   111  
26969   111  
26974   111  
26977   111  
26979   111  
26982   111  
26987   111  
26988   111  
26989   111  
26990   111  
26993   111  
27005   111  
27011   111  
27012   111  
27015   111  
27018   111  
27020   111  
27024   111  
27031   111  
27034   111  
27036   111  
27037   111  
27041   111  
27043   111  
27050   111  
27056   111  
27063   111  
27064   111  
27065   111  
27068   111  
27072   111  
27076   111  
27085   111  
27089   111  
27095   111  
27099   111  
27104   111  
27114   111  
27121   111  
27124   111  
27128   111  
27129   111  
27134   111  
27135   111  
27137   111  
27142   111  
27146   111  
27147   111  
27157   111  
27161   111  
27170   111  
27171   111  
27173   111  
27176   111  
27177   111  
27184   111  
27189   111  
27195   111  
27199   111  
27212   111  
27213   111  
27214   111  
27219   111  
27223   111  
27226   111  
27227   111  
27230   111  
27232   111  
27245   111  
27247   111  
27255   111  
27256   111  
27258   111  
27279   111  
27282   111  
27286   111  
27287   111  
27292   111  
27293   111  
27296   111  
27297   111  
27300   111  
27303   111  
27305   111  
27306   111  
27309   111  
27311   111  
27313   111  
27320   111  
27324   111  
27329   111  
27331   111  
27333   111  
27336   111  
27339   111  
27341   111  
27353   111  
27359   111  
27364   111  
27366   111  
27367   111  
27369   111  
27371   111  
27377   111  
27385   111  
27386   111  
27387   111  
27393   111  
27396   111  
27398   111  
27399   111  
27401   111  
27405   111  
27409   111  
27411   111  
27416   111  
27419   111  
27420   111  
27421   111  
27427   111  
27429   111  
27432   111  
27439   111  
27448   888  
27452   111  
27454   111  
27455   111  
27466   111  
27469   111  
27471   111  
27475   111  
27486   111  
27503   111  
27504   111  
27506   111  
27509   111  
27511   111  
27512   111  
27513   111  
27515   111  
27517   111  
27528   111  
27532   111  
27533   111  
27534   111  
27535   111  
27539   111  
27544   111  
27547   111  
27551   111  
27554   111  
27559   111  
27561   111  
27562   111  
27569   111  
27570   111  
27573   111  
27577   111  
27578   111  
27580   111  
27589   111  
27593   111  
27596   111  
27598   111  
27607   111  
27609   111  
27613   111  
27617   111  
27618   111  
27620   111  
27625   111  
27627   111  
27631   111  
27634   111  
27637   111  
27638   111  
27640   111  
27641   111  
27642   111  
27645   111  
27657   111  
27658   111  
27667   111  
27669   111  
27670   111  
27676   111  
27678   888  
27679   111  
27681   111  
27685   111  
27686   111  
27692   111  
27693   111  
27705   111  
27706   111  
27709   111  
27713   888  
27724   111  
27728   111  
27730   111  
27731   111  
27732   111  
27736   111  
27742   111  
27761   111  
27768   111  
27770   111  
27772   111  
27774   111  
27776   111  
27777   111  
27779   111  
27780   111  
27787   111  
27796   111  
27798   111  
27802   111  
27805   111  
27812   111  
27816   111  
27827   111  
27829   111  
27832   111  
27836   888  
27837   111  
27841   111  
27844   111  
27846   111  
27849   111  
27851   111  
27852   111  
27853   111  
27856   888  
27877   111  
27881   111  
27883   111  
27884   111  
27885   111  
27889   111  
27893   111  
27894   111  
27902   111  
27904   111  
27906   111  
27911   111  
27915   111  
27916   111  
27917   111  
27918   111  
27920   111  
27923   111  
27925   111  
27928   111  
27933   111  
27934   111  
27940   111  
27943   111  
27948   111  
27950   111  
27951   111  
27955   111  
27959   111  
27975   111  
27983   111  
27986   111  
27990   111  
27991   111  
28000   111  
28006   888  
28007   111  
28009   111  
28012   111  
28016   111  
28019   111  
28028   111  
28036   111  
28037   111  
28044   111  
28064   111  
28072   111  
28074   111  
28075   111  
28081   111  
28088   111  
28106   111  
28107   111  
28110   111  
28121   111  
28122   111  
28124   111  
28130   111  
28136   111  
28143   111  
28148   111  
28154   111  
28164   111  
28166   111  
28177   111  
28184   111  
28201   111  
28203   111  
28207   111  
28220   111  
28221   111  
28224   111  
28226   111  
28236   111  
28243   111  
28245   111  
28246   111  
28272   111  
28278   111  
28279   111  
28283   111  
28287   111  
28292   111  
28293   111  
28294   111  
28308   111  
28334   111  
28337   111  
28341   111  
28345   111  
28346   111  
28355   111  
28357   888  
28371   888  
28377   111  
28380   111  
28407   111  
28408   111  
28412   111  
28413   111  
28417   111  
28419   111  
28420   111  
28427   111  
28433   111  
28435   111  
28441   111  
28447   111  
28451   111  
28466   111  
28470   111  
28472   111  
28475   111  
28484   111  
28491   111  
28493   111  
28501   111  
28510   111  
28513   111  
28514   111  
28539   111  
28540   111  
28545   111  
28547   111  
28548   111  
28552   111  
28562   111  
28574   111  
28575   111  
28585   111  
28591   111  
28604   111  
28608   111  
28614   111  
28619   111  
28621   111  
28622   111  
28640   111  
28642   111  
28643   111  
28646   111  
28649   111  
28655   111  
28663   111  
28665   111  
28670   111  
28674   111  
28694   111  
28695   111  
28700   111  
28701   111  
28707   111  
28721   111  
28725   111  
28728   111  
28730   111  
28746   111  
28747   111  
28749   111  
28752   111  
28761   111  
28777   111  
28778   111  
28784   111  
28787   111  
28791   111  
28797   111  
28804   111  
28810   111  
28811   111  
28816   111  
28818   111  
28820   111  
28822   111  
28829   111  
28840   111  
28850   111  
28857   111  
28865   111  
28875   111  
28877   111  
28879   111  
28880   111  
28882   111  
28888   111  
28890   111  
28891   111  
28912   111  
28914   111  
28919   111  
28925   111  
28927   111  
28928   111  
28929   111  
28934   111  
28940   111  
28946   111  
28947   111  
28951   111  
28955   111  
28957   111  
28958   111  
28962   111  
28965   111  
28972   111  
28977   111  
28978   111  
28979   111  
28981   111  
28983   111  
28989   111  
28996   888  
28998   111  
28999   111  
29005   111  
29007   111  
29011   111  
29018   111  
29023   111  
29030   111  
29034   111  
29038   111  
29039   111  
29040   111  
29041   111  
29042   111  
29048   111  
29055   111  
29059   111  
29062   111  
29063   111  
29064   111  
29076   111  
29080   111  
29085   111  
29088   111  
29089   111  
29094   111  
29096   111  
29097   111  
29109   111  
29116   111  
29119   111  
29120   111  
29123   111  
29126   111  
29127   111  
29133   111  
29136   111  
29141   111  
29144   111  
29147   111  
29148   111  
29150   111  
29155   111  
29158   111  
29164   111  
29165   111  
29189   111  
29264   111  
29294   111  
29374   111  
29409   111  
29447   111  
29462   111  
29477   111  
29481   111  
29499   111  
29526   111  
29527   111  
29552   111  
29589   111  
29609   111  
29684   111  
29695   111  
29706   111  
29735   111  
29737   111  
29766   111  
29856   111  
29998   111  
30031   111  
30171   111  
30255   111  
30270   111  
30317   111  
30341   111  
30563   111  
30566   888  
30694   111  
30753   111  
30758   111  
30767   111  
30847   111  
30879   111  
30936   111  
30945   111  
30999   111  
31238   888  
31320   111  
31335   111  
31341   111  
31502   111  
31519   111  
31573   111  
31577   111  
31603   111  
31668   888  
31674   111  
31675   111  
31679   111  
31687   888  
31700   111  
31729   111  
31745   111  
31750   111  
31764   111  
31771   111  
31823   111  
31881   111  
31892   111  
31912   111  
32191   111  
32228   111  
32332   111  
32410   111  
32440   111  
32606   111  
32635   111  
32676   111  
32689   888  
33053   111  
33058   111  
33104   111  
33117   111  
33214   111  
33352   111  
33365   111  
33370   111  
33389   111  
33472   111  
33483   111  
33587   111  
33715   111  
33751   111  
33778   111  
33803   111  
33814   111  
33818   111  
33825   111  
33828   111  
33832   111  
33840   111  
33880   111  
33888   111  
33892   111  
33893   111  
33903   111  
33904   111  
33906   111  
33927   111  
33938   111  
33946   111  
33948   111  
33970   111  
33984   111  
34023   111  
34041   111  
34056   111  
34073   111  
34083   111  
34094   111  
34111   111  
34137   111  
34150   111  
34209   111  
34210   111  
34221   111  
34357   111  
34364   111  
34411   111  
34425   111  
34431   111  
34447   111  
34469   111  
34486   111  
34513   111  
34590   111  
34627   111  
34636   111  
34642   111  
34696   111  
34733   111  
34854   111  
34916   111  
34919   111  
34936   111  
34944   111  
34982   111  
34999   111  
35025   111  
35033   111  
35035   111  
35067   111  
35073   111  
35089   111  
35098   111  
35121   111  
35141   111  
35162   111  
35219   111  
35223   111  
35225   111  
35240   111  
35258   111  
35301   111  
35331   111  
35432   111  
35443   111  
35463   111  
35532   111  
35638   111  
35662   111  
35710   111  
35730   111  
35731   111  
35741   111  
35781   111  
35913   111  
35917   111  
35934   111  
36078   111  
36095   111  
36103   111  
36292   111  
36393   111  
36444   111  
36475   888  
36502   111  
36621   111  
36635   111  
36668   111  
36674   111  
36715   111  
36747   111  
36770   111  
36782   111  
36866   111  
36878   111  
36889   111  
36893   111  
36910   111  
36915   111  
36917   111  
36970   111  
36993   111  
37016   888  
37030   111  
37051   111  
37186   111  
37294   111  
37304   888  
37365   111  
37424   111  
37520   111  
37536   111  
37539   111  
37554   888  
37555   111  
37589   111  
37623   111  
37657   111  
37664   111  
37776   111  
37838   111  
37844   111  
37931   111  
37945   111  
37947   111  
37965   111  
37981   111  
38011   111  
38028   111  
38061   111  
38111   111  
38150   111  
38160   111  
38186   111  
38202   111  
38215   111  
38221   111  
38239   111  
38270   111  
38394   111  
38441   111  
38484   111  
38506   111  
38515   111  
38518   111  
38525   111  
38544   111  
38558   111  
38608   111  
38609   111  
38631   111  
38635   111  
