20        0.2     100     
59        0.3     250     
62        0.0     250     
62        0.0     100     
87        1.0     100     
270       0.2     100     
383       0.3     100     
449       0.3     100     
518       0.1     100     
524       0.3     250     
524       0.1     100     
543       0.3     100     
544       0.3     100     
561       0.2     100     
654       0.0     100     
803       0.0     250     
836       0.0     250     
899       0.2     250     
899       0.0     100     
910       0.3     100     
944       0.1     100     
961       0.4     100     
977       0.3     100     
1007      0.1     100     
1047      0.3     100     
1060      0.1     100     
1097      0.7     100     
1266      0.1     250     
1266      0.4     100     
1272      0.3     100     
1301      0.0     250     
1301      0.0     100     
1346      0.2     250     
1346      0.0     100     
1409      0.1     100     
1433      0.6     100     
1627      0.0     250     
1652      0.0     100     
1676      0.0     100     
1677      0.2     250     
1677      0.2     100     
1948      0.0     100     
1954      0.8     100     
1960      0.2     250     
1962      0.1     100     
2014      0.4     100     
2016      0.0     100     
2067      0.0     100     
2080      0.2     100     
2085      0.0     100     
2103      0.3     100     
2283      0.4     100     
2338      0.1     100     
2473      0.0     100     
2476      0.6     100     
2496      0.3     100     
2500      0.2     250     
2500      0.3     100     
2512      0.3     100     
2543      0.1     250     
2548      0.3     100     
2550      0.0     250     
2578      0.0     100     
2696      0.1     100     
2776      0.6     250     
2800      0.1     250     
2800      0.3     100     
2843      0.7     250     
2843      0.9     100     
2869      0.4     250     
2869      0.3     100     
2901      0.1     100     
2925      0.2     100     
2997      0.0     100     
3000      0.2     100     
3008      0.1     100     
3082      0.3     100     
3139      0.0     100     
3238      0.1     250     
3358      0.5     100     
3417      0.8     100     
3458      0.0     100     
3530      0.1     100     
3532      0.0     100     
3548      0.5     100     
3580      0.3     250     
3580      0.2     100     
3584      0.3     100     
3605      0.1     250     
3732      0.2     100     
3741      0.2     250     
3741      0.2     100     
3750      0.7     100     
3757      0.3     100     
3834      0.3     100     
3845      0.1     100     
3982      0.0     100     
4025      0.8     100     
4049      0.3     250     
4049      0.3     100     
4092      0.1     250     
4092      0.1     100     
4093      0.1     250     
4093      0.2     100     
4191      0.0     250     
4191      0.3     100     
4218      0.1     100     
4424      0.1     250     
4472      0.1     250     
4472      0.1     100     
4473      0.3     100     
4522      0.3     100     
4536      0.0     250     
4606      0.1     100     
4659      0.3     250     
4685      1.0     250     
4685      1.0     100     
4686      0.4     100     
4781      0.1     100     
4783      0.6     100     
4792      0.2     100     
4866      0.3     100     
4890      0.3     100     
4914      0.2     100     
4976      0.0     100     
5127      0.2     250     
5127      0.0     100     
5149      0.0     250     
5155      0.0     250     
5274      0.2     100     
5356      0.2     250     
5356      0.2     100     
5482      0.2     250     
5482      0.2     100     
5509      0.5     100     
5514      0.0     100     
5515      0.3     250     
5515      0.2     100     
5522      0.0     100     
5620      0.1     100     
5681      0.8     100     
5693      0.0     250     
5719      0.8     100     
5765      0.2     250     
5765      0.2     100     
5839      0.3     100     
5840      0.3     100     
5849      0.3     250     
5849      0.3     100     
5884      0.6     100     
5937      0.9     100     
5985      0.7     100     
6002      0.4     100     
6048      0.5     100     
6135      0.3     250     
6135      0.4     100     
6193      0.3     100     
6228      0.1     100     
6236      0.2     100     
6288      0.0     100     
6327      0.1     250     
6327      0.0     100     
6368      0.0     100     
6459      0.3     250     
6529      0.1     100     
6746      0.5     100     
6771      0.1     100     
6800      0.2     100     
6831      0.1     100     
6884      0.1     100     
6966      0.0     100     
6973      0.3     100     
7076      0.1     100     
7146      0.1     100     
7154      0.9     100     
7209      0.2     250     
7209      0.3     100     
7351      0.5     100     
7390      0.3     100     
7447      0.3     100     
7511      0.0     100     
7512      0.3     100     
7540      0.1     100     
7589      0.3     100     
7614      0.2     100     
7821      0.1     100     
7868      0.1     100     
7874      0.5     250     
7874      0.3     100     
7941      0.2     250     
7941      0.2     100     
8050      0.3     100     
8234      0.0     100     
8254      0.1     100     
8306      0.1     100     
8334      0.2     100     
8344      0.6     250     
8344      0.9     100     
8347      0.0     100     
8429      0.6     250     
8429      0.4     100     
8435      0.1     100     
8485      0.3     100     
8514      0.3     250     
8514      0.3     100     
8562      0.3     100     
8666      0.3     100     
8887      0.4     250     
8887      0.4     100     
9217      0.1     100     
9259      0.0     250     
9259      0.0     100     
9264      0.1     100     
9417      0.6     250     
9417      1.0     100     
9463      0.2     100     
9487      0.3     250     
9545      0.1     250     
9545      0.1     100     
9603      0.3     250     
9603      0.3     100     
9615      0.4     250     
9624      0.0     250     
9624      0.0     100     
9636      0.1     100     
9640      0.1     100     
9678      0.4     250     
9713      0.2     250     
9713      0.2     100     
9719      0.8     100     
9752      0.1     100     
9827      0.3     100     
9848      0.2     250     
9848      0.2     100     
9967      0.3     100     
9980      0.0     250     
9980      0.0     100     
9982      0.1     250     
9982      0.1     100     
10013     0.2     250     
10013     0.4     100     
10118     0.0     100     
10244     0.2     100     
10320     0.4     100     
10358     0.1     100     
10364     0.1     100     
10389     0.3     100     
10419     0.4     250     
10419     0.3     100     
10486     0.2     100     
10538     0.0     250     
10538     0.1     100     
10566     0.4     100     
10718     0.4     250     
10718     0.3     100     
10791     0.7     100     
10798     0.0     100     
10837     0.1     100     
10927     0.0     250     
10927     0.1     100     
10936     0.0     100     
10965     0.5     100     
10999     0.1     100     
11083     0.3     100     
11154     0.3     250     
11154     0.3     100     
11214     0.3     100     
11223     0.0     250     
11223     0.3     100     
11270     0.0     250     
11270     0.0     100     
11299     0.3     250     
11299     0.4     100     
11304     0.1     100     
11403     0.0     100     
11510     0.1     100     
11557     0.0     100     
11655     0.5     100     
11672     0.0     100     
11719     0.1     100     
11781     0.1     100     
11792     0.8     100     
11815     0.4     100     
11851     0.4     250     
11851     0.3     100     
11936     0.2     100     
11993     0.2     100     
12040     0.2     250     
12040     0.0     100     
12043     0.2     100     
12123     0.1     100     
12138     0.0     100     
12146     0.1     100     
12205     0.0     250     
12205     0.0     100     
12246     0.2     100     
12346     0.1     100     
12400     0.7     100     
12433     0.5     100     
12438     0.0     250     
12438     0.3     100     
12589     0.1     100     
12598     0.1     100     
12677     0.2     250     
12677     0.3     100     
12725     0.4     100     
12759     0.0     250     
12759     0.3     100     
12795     0.2     100     
12808     0.1     100     
12929     0.0     100     
12978     0.3     100     
12982     0.3     100     
13020     0.0     250     
13020     0.3     100     
13102     0.1     100     
13225     0.2     250     
13288     0.3     100     
13336     0.0     250     
13336     0.1     100     
13343     0.7     100     
13485     0.2     100     
13551     0.1     100     
13579     0.2     100     
13589     0.3     100     
13600     0.0     100     
13620     0.0     100     
13672     0.0     100     
13713     0.2     250     
13713     0.3     100     
13754     0.2     250     
13754     0.3     100     
13772     0.4     100     
13861     0.2     100     
13989     0.7     100     
14010     0.0     100     
14044     0.0     250     
14044     0.0     100     
14154     0.4     100     
14165     0.2     100     
14176     0.3     100     
14423     0.0     100     
14551     0.1     100     
14609     0.8     250     
14609     0.6     100     
14644     0.3     100     
14706     0.3     250     
14706     0.4     100     
14709     0.0     250     
14718     0.4     100     
14748     0.1     100     
15004     0.4     100     
15023     0.3     250     
15035     0.2     250     
15035     0.5     100     
15095     0.1     250     
15095     0.3     100     
15139     0.1     250     
15139     0.1     100     
15251     0.1     100     
15340     0.3     100     
15360     0.0     100     
15438     0.2     100     
15454     0.4     100     
15468     0.5     100     
15522     0.2     250     
15522     0.1     100     
15548     0.1     250     
15548     0.1     100     
15591     0.3     250     
15591     0.1     100     
15686     0.1     100     
15740     0.1     100     
15788     0.0     100     
15898     0.0     250     
15898     0.3     100     
15919     0.2     100     
16069     0.4     100     
16196     0.1     100     
16199     0.1     250     
16199     0.1     100     
16243     0.1     100     
16245     0.1     250     
16245     0.1     100     
16246     0.3     250     
16246     0.2     100     
16263     0.4     100     
16361     0.2     250     
16361     0.5     100     
16367     0.5     100     
16372     0.1     250     
16399     0.4     250     
16399     0.4     100     
16494     0.2     100     
16497     0.0     100     
16517     0.1     100     
16547     0.1     250     
16547     0.1     100     
16611     0.1     100     
16665     0.0     250     
16665     0.3     100     
16753     0.1     100     
16763     0.4     100     
16776     0.4     100     
16808     0.3     100     
16816     0.3     100     
16820     0.3     250     
16843     0.3     100     
16921     0.0     250     
16921     0.0     100     
16976     0.3     100     
16995     0.4     100     
17056     0.5     100     
17074     0.3     100     
17104     0.3     100     
17135     0.3     250     
17135     0.2     100     
17198     0.0     100     
17204     0.0     100     
17366     0.1     250     
17366     0.1     100     
17376     0.0     100     
17415     0.0     250     
17431     0.1     100     
17445     0.3     100     
17524     0.2     100     
17546     0.5     100     
17554     0.2     250     
17554     0.3     100     
17578     0.1     250     
17578     0.1     100     
17651     0.1     100     
17670     0.2     250     
17670     0.2     100     
17691     0.3     100     
17696     0.3     250     
17704     0.2     250     
17704     0.3     100     
17760     0.1     250     
17760     0.2     100     
17831     0.3     100     
17911     0.3     250     
18045     0.4     250     
18045     0.3     100     
18055     0.3     100     
18120     0.1     100     
18188     0.1     100     
18296     0.1     100     
18300     0.0     250     
18300     0.0     100     
18323     0.1     100     
18337     0.3     100     
18380     0.5     100     
18411     0.0     100     
18420     0.2     250     
18420     0.2     100     
18530     0.1     250     
18530     0.2     100     
18536     0.0     250     
18536     0.3     100     
18553     0.0     100     
18565     0.1     100     
18601     0.1     100     
18656     0.3     100     
18725     0.0     100     
18738     0.3     100     
18800     0.1     100     
18829     0.5     100     
18837     0.1     100     
18844     0.0     250     
18844     0.0     100     
18860     0.0     100     
18909     0.2     250     
18909     0.3     100     
18919     0.2     100     
19064     0.0     250     
19064     0.0     100     
19065     0.0     100     
19184     0.1     100     
19186     0.3     100     
19206     0.0     250     
19289     0.0     250     
19289     0.3     100     
19351     0.2     250     
19351     0.4     100     
19402     0.3     250     
19402     0.3     100     
19494     0.4     100     
19499     0.3     100     
19505     0.3     250     
19574     0.3     100     
19575     0.5     100     
19639     0.1     100     
19670     0.3     250     
19670     0.3     100     
19684     0.1     100     
19708     0.7     250     
19748     0.5     100     
19771     0.0     250     
19771     0.0     100     
19830     0.3     100     
19855     0.0     100     
20197     0.3     100     
20210     0.6     250     
20210     0.7     100     
20307     0.0     100     
20322     0.2     100     
20348     0.0     250     
20348     0.0     100     
20435     0.0     250     
20435     0.0     100     
20440     0.1     100     
20444     1.0     100     
20606     0.1     100     
20619     0.3     250     
20619     0.3     100     
20620     0.0     250     
20620     0.1     100     
20680     0.3     100     
20691     0.5     100     
20816     0.1     250     
20816     0.1     100     
20825     0.0     100     
20852     0.3     100     
20877     0.3     100     
20894     0.7     250     
20894     0.3     100     
20931     0.2     250     
20931     0.3     100     
21025     0.2     250     
21025     0.0     100     
21027     0.0     250     
21027     0.1     100     
21040     0.3     250     
21040     0.4     100     
21326     0.0     100     
21367     0.2     100     
21436     0.3     100     
21508     0.1     250     
21508     0.1     100     
21655     0.0     100     
21750     0.1     250     
21750     0.1     100     
21774     0.1     100     
21790     0.0     250     
21790     0.1     100     
21860     0.7     250     
21860     0.8     100     
21875     0.3     250     
21875     0.3     100     
22067     0.3     100     
22082     0.0     250     
22082     0.1     100     
22097     0.2     100     
22205     0.3     100     
22242     0.1     250     
22242     0.4     100     
22283     0.4     100     
22308     0.1     100     
22336     0.3     250     
22336     0.2     100     
22365     0.4     250     
22365     0.1     100     
22411     0.5     250     
22411     0.5     100     
22515     0.4     100     
22576     0.3     100     
22599     0.3     100     
22603     0.2     100     
22665     0.3     100     
22684     0.9     100     
22709     0.3     100     
22811     0.0     250     
22811     0.1     100     
22878     0.0     250     
22878     0.0     100     
22918     0.1     250     
22918     0.2     100     
22919     0.4     100     
22936     0.1     100     
22937     0.0     250     
22937     0.1     100     
22964     0.0     100     
23056     0.1     100     
23063     0.0     100     
23071     0.1     100     
23149     0.0     250     
23149     0.1     100     
23150     0.0     100     
23255     0.4     250     
23270     0.2     100     
23300     0.2     250     
23300     0.2     100     
23395     0.3     250     
23395     0.2     100     
23467     0.1     250     
23478     0.3     250     
23478     0.5     100     
23512     0.2     100     
23563     0.3     100     
23581     0.0     250     
23581     0.0     100     
23586     0.2     100     
23607     0.1     250     
23607     0.5     100     
23613     0.3     250     
23613     0.2     100     
23761     0.3     250     
23761     0.2     100     
23826     0.0     100     
23859     0.0     100     
23914     0.0     100     
23958     0.1     250     
23958     0.1     100     
24033     0.1     100     
24046     0.3     250     
24046     0.3     100     
24052     0.0     100     
24081     0.4     100     
24180     0.1     100     
24212     0.3     100     
24257     0.3     100     
24280     0.4     250     
24280     0.3     100     
24302     0.2     250     
24302     0.2     100     
24379     0.1     100     
24387     0.5     100     
24421     0.2     100     
24477     0.2     250     
24477     0.5     100     
24501     0.1     100     
24535     0.3     100     
24544     0.5     100     
24547     0.0     250     
24547     0.0     100     
24613     0.0     100     
24705     0.4     250     
24782     0.5     100     
24843     0.0     100     
24844     0.4     250     
24844     0.3     100     
24893     0.1     100     
24906     0.0     100     
24914     0.3     100     
24916     0.6     250     
24916     0.7     100     
24944     0.0     250     
24944     0.0     100     
24980     0.1     100     
25003     0.0     100     
25015     0.0     250     
25104     0.0     250     
25104     0.0     100     
25153     0.1     100     
25168     0.0     100     
25176     0.0     100     
25186     0.2     100     
25193     0.0     100     
25198     0.1     100     
25201     0.3     100     
25206     0.1     100     
25297     0.3     100     
25314     0.3     100     
25452     0.3     100     
25455     0.3     100     
25502     0.3     100     
25515     0.0     250     
25515     0.0     100     
25518     0.1     250     
25518     0.1     100     
25549     0.2     250     
25596     0.2     100     
25662     0.3     100     
25711     0.3     250     
25737     0.2     250     
25755     0.2     250     
25755     0.0     100     
25800     0.4     250     
25800     0.3     100     
25828     0.1     250     
25828     0.2     100     
25836     0.0     250     
25851     0.2     100     
25862     0.0     100     
25869     0.3     100     
25877     0.4     100     
25946     0.5     100     
25997     0.0     250     
25997     0.3     100     
26027     0.1     100     
26041     0.9     100     
26060     0.6     250     
26060     0.8     100     
26098     0.2     250     
26098     0.2     100     
26176     0.1     100     
26212     0.4     250     
26222     0.1     100     
26224     0.3     100     
26330     0.1     100     
26340     0.3     100     
26398     0.1     100     
26430     0.3     250     
26430     0.3     100     
26446     0.1     100     
26490     0.1     100     
26531     0.1     250     
26531     0.2     100     
26548     0.3     250     
26548     0.3     100     
26599     0.4     100     
26736     0.2     250     
26746     0.5     100     
26749     0.3     250     
26749     0.3     100     
26769     0.6     100     
26883     0.1     100     
26959     0.5     100     
26977     0.3     250     
26977     0.4     100     
27036     0.2     100     
27124     0.3     100     
27195     0.0     250     
27195     0.0     100     
27303     0.5     100     
27311     0.3     250     
27311     0.3     100     
27359     0.3     100     
27366     0.1     100     
27385     0.2     250     
27385     0.2     100     
27387     0.0     100     
27390     0.4     100     
27419     0.5     100     
27448     0.9     100     
27452     0.4     250     
27466     0.0     100     
27471     0.1     250     
27471     0.1     100     
27618     0.1     100     
27640     0.5     100     
27667     0.3     100     
27670     0.2     100     
27693     0.3     100     
27736     0.1     100     
27777     0.1     100     
27787     0.3     100     
27796     0.5     100     
27877     0.2     100     
27894     0.0     250     
27894     0.0     100     
27925     0.1     100     
27983     0.1     100     
28036     0.2     100     
28072     0.1     100     
28121     0.3     250     
28121     0.3     100     
28166     0.1     100     
28243     0.2     250     
28292     0.1     100     
28337     0.1     100     
28345     0.0     100     
28380     0.1     100     
28472     0.0     250     
28472     0.1     100     
28484     0.3     250     
28484     0.3     100     
28514     0.3     100     
28730     0.0     100     
28746     0.0     100     
28749     0.1     100     
28778     0.0     250     
28778     0.1     100     
28791     0.2     250     
28791     0.2     100     
28850     0.1     250     
28850     0.1     100     
28875     0.0     100     
28977     0.5     100     
28979     0.0     100     
29041     0.3     250     
29094     0.1     250     
29094     0.3     100     
29096     0.5     100     
29097     0.3     100     
33892     0.0     250     
38221     0.6     250     
38221     0.7     100     
