#ID 	 AGN 	 FLAG 
20        0.026   
25        0.026   
38        0.036   
59        0.01    
62        0.016   
67        0.13    
72        0.13    
87        -99.99  
130       0.007   
146       0.007   
214       0.06    
270       0.002   
280       0.161   
283       0.005   
305       0.161   
335       0.009   
377       0.003   
383       0.009   
415       0.002   
502       0.009   
509       0.011   
510       0.143   
518       0.257   
523       0.143   
524       0.01    
532       0.011   
533       0.143   
543       0.008   
544       0.022   
545       0.04    
553       0.011   
561       0.021   
579       0.464   
587       0.143   
654       0.037   
680       0.011   
703       0.003   
725       0.143   
728       0.143   
757       0.008   
758       0.012   
770       0.012   
803       0.01    
824       0.012   
836       0.049   
864       0.139   
865       -99.99  
874       0.146   
889       0.146   
894       0.013   
898       0.146   
899       0.085   
910       0.014   
928       0.146   
944       0.011   
947       -99.99  
953       0.037   
961       0.013   
977       0.037   
1022      0.026   
1047      0.078   
1051      0.001   
1051      0.308   
1060      0.001   
1060      0.308   
1091      0.005   
1097      0.015   
1120      0.13    
1129      0.13    
1145      0.015   
1194      0.052   
1239      0.055   
1266      0.033   
1272      0.143   
1283      0.188   
1298      0.047   
1300      0.334   
1301      0.029   
1346      0.037   
1355      0.002   
1359      0.188   
1409      0.067   
1446      0.004   
1520      0.104   
1540      0.153   
1572      0.009   
1602      0.038   
1608      0.782   
1615      0.782   
1627      0.018   
1652      0.028   
1676      0.016   
1677      0.097   
1685      0.041   
1702      0.037   
1710      0.033   
1712      0.133   
1715      0.102   
1717      0.133   
1719      0.037   
1728      0.235   
1743      0.037   
1752      0.129   
1754      0.114   
1755      0.589   
1767      0.027   
1794      0.589   
1811      0.027   
1821      0.589   
1845      0.041   
1855      0.002   
1896      0.007   
1897      0.335   
1900      0.589   
1901      0.044   
1904      0.151   
1920      0.168   
1936      0.003   
1938      0.01    
1941      0.044   
1948      0.003   
1954      0.029   
1960      0.013   
1962      0.077   
1981      0.013   
2010      0.029   
2011      0.256   
2014      0.242   
2016      0.065   
2067      0.008   
2080      0.256   
2085      0.01    
2088      0.058   
2089      0.011   
2103      0.011   
2123      0.027   
2144      0.033   
2213      0.015   
2238      0.003   
2253      0.035   
2265      0.039   
2270      0.429   
2292      0.015   
2335      -99.99  
2338      0.111   
2348      0.114   
2348      0.022   
2379      0.02    
2405      0.114   
2406      -99.99  
2433      0.007   
2442      0.061   
2446      0.007   
2449      0.022   
2472      0.049   
2473      0.024   
2476      0.007   
2478      0.272   
2483      0.003   
2486      0.031   
2488      0.02    
2495      -99.99  
2496      0.016   
2500      0.027   
2504      -99.99  
2512      0.02    
2518      0.041   
2522      0.114   
2543      0.022   
2548      0.034   
2550      0.013   
2563      0.002   
2578      0.07    
2626      0.034   
2632      0.009   
2633      0.02    
2677      -99.99  
2696      0.009   
2699      0.009   
2713      0.03    
2754      0.164   
2769      0.296   
2775      0.371   
2779      0.132   
2800      0.081   
2820      0.081   
2836      0.017   
2843      0.132   
2849      0.064   
2869      0.371   
2891      0.036   
2901      0.117   
2925      0.043   
2934      0.036   
2965      0.052   
2997      0.002   
3000      0.013   
3008      0.013   
3018      -99.99  
3082      0.009   
3109      0.036   
3118      0.013   
3139      0.004   
3150      0.014   
3175      -99.99  
3186      -99.99  
3237      0.001   
3238      0.001   
3271      0.006   
3282      0.012   
3291      -99.99  
3293      0.224   
3355      0.004   
3358      -99.99  
3367      0.001   
3417      0.457   
3458      0.04    
3483      0.319   
3493      0.01    
3508      -99.99  
3530      0.012   
3532      0.005   
3546      0.013   
3548      0.043   
3580      0.027   
3584      0.015   
3605      -99.99  
3616      0.006   
3618      -99.99  
3634      0.177   
3639      0.002   
3672      0.018   
3711      0.129   
3732      0.016   
3741      -99.99  
3750      0.023   
3757      -99.99  
3784      0.023   
3827      0.053   
3834      0.09    
3845      0.116   
3919      0.003   
3920      0.011   
3945      0.032   
3946      0.058   
3955      0.176   
3982      0.076   
4021      0.027   
4025      -99.99  
4038      0.021   
4049      0.012   
4051      -99.99  
4063      0.021   
4072      -99.99  
4092      -99.99  
4093      0.006   
4107      0.05    
4124      0.006   
4191      0.024   
4218      0.047   
4277      0.012   
4373      0.079   
4378      0.257   
4384      0.138   
4409      0.138   
4424      0.081   
4431      0.034   
4441      0.005   
4448      0.257   
4459      0.006   
4472      0.025   
4473      -99.99  
4490      -99.99  
4502      0.257   
4522      0.03    
4532      0.007   
4536      0.143   
4545      0.05    
4606      0.003   
4607      0.009   
4607      0.097   
4630      0.015   
4631      0.009   
4631      0.097   
4649      0.023   
4650      0.009   
4650      0.097   
4659      0.919   
4662      0.072   
4664      0.072   
4681      0.072   
4685      -99.99  
4686      0.027   
4751      0.015   
4760      0.003   
4781      0.036   
4783      0.002   
4792      0.011   
4819      0.003   
4834      0.093   
4837      0.115   
4847      0.001   
4860      0.183   
4866      0.072   
4869      0.047   
4874      -99.99  
4890      0.018   
4897      0.012   
4914      0.101   
4920      0.127   
4953      0.008   
4953      0.127   
4955      0.933   
4965      0.583   
4972      0.008   
4976      0.007   
4987      0.008   
5002      0.021   
5034      0.227   
5056      0.003   
5071      0.473   
5087      0.015   
5118      0.011   
5127      0.016   
5145      0.029   
5149      0.021   
5155      0.016   
5180      0.259   
5181      0.044   
5185      0.009   
5199      0.098   
5204      0.017   
5227      0.031   
5240      0.045   
5247      0.066   
5274      0.014   
5280      0.131   
5323      0.009   
5350      0.15    
5356      0.17    
5357      0.025   
5446      0.011   
5447      0.16    
5452      0.007   
5482      0.068   
5509      0.498   
5514      0.293   
5515      0.054   
5522      0.028   
5528      -99.99  
5620      0.112   
5629      0.293   
5681      0.008   
5693      -99.99  
5694      -99.99  
5712      0.008   
5719      0.011   
5765      0.013   
5813      0.265   
5820      0.006   
5839      0.008   
5840      0.023   
5849      0.035   
5884      -99.99  
5903      0.063   
5916      0.109   
5922      0.109   
5937      0.109   
5985      0.022   
6002      0.071   
6010      0.109   
6040      0.281   
6048      0.238   
6105      0.005   
6119      0.281   
6127      0.002   
6135      0.005   
6139      0.014   
6193      0.002   
6201      0.002   
6228      0.035   
6236      0.202   
6253      0.005   
6288      0.088   
6310      0.02    
6327      0.02    
6333      0.081   
6339      0.06    
6368      0.146   
6413      0.029   
6451      0.047   
6459      0.735   
6529      0.076   
6532      0.011   
6573      0.007   
6588      0.123   
6674      0.043   
6674      0.027   
6696      0.592   
6713      0.592   
6746      0.043   
6746      0.027   
6771      0.01    
6800      0.034   
6831      0.035   
6864      0.06    
6880      0.417   
6884      0.023   
6939      0.052   
6966      0.117   
6978      0.005   
6998      0.319   
7072      -99.99  
7076      0.004   
7081      0.015   
7099      -99.99  
7129      0.087   
7137      0.008   
7146      0.005   
7154      -99.99  
7198      -99.99  
7209      0.011   
7224      0.005   
7271      0.617   
7302      0.617   
7334      0.014   
7351      -99.99  
7364      0.006   
7390      0.016   
7443      0.593   
7447      0.134   
7491      0.028   
7510      0.027   
7511      0.007   
7574      0.068   
7587      0.187   
7589      0.187   
7605      0.07    
7619      0.062   
7623      0.009   
7645      0.003   
7739      0.005   
7759      0.034   
7786      0.065   
7794      0.007   
7821      0.185   
7874      0.239   
7902      0.004   
7941      0.006   
8010      0.252   
8024      0.003   
8025      0.252   
8028      0.185   
8050      0.005   
8084      0.145   
8090      0.252   
8109      0.008   
8127      -99.99  
8138      0.118   
8179      0.072   
8180      0.087   
8230      0.011   
8234      0.185   
8241      0.179   
8306      0.05    
8310      0.022   
8334      0.002   
8344      0.022   
8347      0.045   
8360      0.198   
8368      0.022   
8429      0.289   
8494      0.414   
8514      0.012   
8541      0.188   
8547      0.003   
8551      0.003   
8562      0.414   
8574      0.066   
8685      0.121   
8698      0.121   
8728      0.039   
8734      0.02    
8751      0.188   
8841      0.001   
8858      0.001   
8872      0.061   
8883      0.004   
8885      0.005   
8887      0.001   
8893      0.293   
8949      0.211   
8987      0.087   
9026      0.006   
9035      0.474   
9043      0.012   
9077      0.004   
9124      0.055   
9134      0.014   
9136      0.017   
9180      0.017   
9192      0.393   
9217      0.088   
9237      0.043   
9257      0.041   
9259      0.065   
9264      0.006   
9309      0.258   
9324      0.258   
9335      -99.99  
9401      0.258   
9417      0.189   
9430      0.002   
9451      0.064   
9454      0.002   
9463      0.024   
9470      0.002   
9484      0.002   
9487      0.33    
9492      0.053   
9507      0.041   
9520      0.189   
9525      0.024   
9545      0.025   
9556      0.273   
9582      0.187   
9603      0.004   
9615      0.013   
9624      0.041   
9636      0.136   
9640      0.002   
9642      0.003   
9678      0.017   
9687      0.02    
9713      0.053   
9719      -99.99  
9740      -99.99  
9752      0.481   
9758      0.003   
9772      0.123   
9787      0.026   
9791      0.659   
9825      -99.99  
9827      -99.99  
9832      0.022   
9848      0.03    
9884      0.109   
9890      0.014   
9967      0.002   
9980      0.009   
9982      0.114   
10038     0.014   
10041     0.102   
10049     -99.99  
10067     0.053   
10079     0.003   
10104     0.003   
10118     0.013   
10122     0.06    
10143     0.075   
10189     0.023   
10231     0.023   
10234     0.054   
10244     0.058   
10263     0.035   
10289     -99.99  
10311     -99.99  
10321     0.023   
10326     0.004   
10358     0.004   
10360     0.378   
10364     0.084   
10389     0.005   
10390     0.027   
10419     0.047   
10427     0.273   
10434     0.951   
10444     0.951   
10486     0.063   
10538     0.038   
10566     0.049   
10569     0.653   
10601     0.007   
10624     -99.99  
10663     0.166   
10675     0.001   
10700     -99.99  
10718     -99.99  
10749     0.001   
10753     0.005   
10774     0.057   
10791     -99.99  
10797     0.081   
10798     0.007   
10837     0.003   
10868     0.419   
10889     0.002   
10905     0.002   
10927     0.01    
10936     0.116   
10952     0.042   
10954     0.005   
10965     0.001   
10987     0.015   
10999     0.008   
11043     0.212   
11063     0.015   
11132     0.096   
11154     0.019   
11170     0.025   
11196     0.01    
11214     0.009   
11223     0.008   
11270     0.026   
11299     0.002   
11304     0.03    
11317     0.001   
11368     0.053   
11403     0.04    
11464     0.035   
11495     0.036   
11510     0.018   
11540     0.009   
11548     0.006   
11551     0.036   
11557     0.032   
11601     0.091   
11605     0.008   
11623     0.436   
11642     0.067   
11662     0.002   
11672     0.071   
11695     0.032   
11699     0.037   
11700     0.164   
11711     0.009   
11719     0.008   
11781     0.12    
11784     0.026   
11792     0.026   
11811     0.01    
11815     0.002   
11841     0.078   
11850     0.002   
11851     0.078   
11864     0.002   
11873     0.078   
11892     0.217   
11910     0.01    
11919     0.005   
11936     0.014   
11993     0.091   
12033     0.008   
12040     0.004   
12135     0.267   
12138     0.1     
12146     0.024   
12165     0.022   
12199     0.146   
12205     0.013   
12246     0.011   
12279     0.181   
12346     0.026   
12383     0.004   
12400     0.01    
12429     0.03    
12433     0.068   
12438     0.005   
12444     0.046   
12549     0.011   
12554     0.011   
12589     0.201   
12598     0.003   
12606     0.051   
12662     0.004   
12670     0.01    
12677     0.023   
12702     0.028   
12725     0.028   
12759     0.015   
12783     0.108   
12795     0.011   
12808     0.071   
12809     0.005   
12811     0.009   
12820     -99.99  
12865     0.071   
12872     0.071   
12873     0.023   
12909     0.011   
12929     0.009   
12959     0.011   
12978     0.004   
12982     0.024   
12997     0.005   
13020     0.049   
13022     0.468   
13072     0.004   
13102     0.112   
13122     0.097   
13135     0.012   
13136     0.005   
13168     0.066   
13191     -99.99  
13225     0.007   
13276     0.013   
13288     0.014   
13295     0.009   
13336     0.06    
13345     0.024   
13390     0.019   
13435     0.021   
13460     0.002   
13481     0.01    
13485     0.066   
13551     0.036   
13579     0.004   
13584     0.125   
13589     0.025   
13600     0.002   
13672     0.053   
13709     0.011   
13713     0.003   
13728     0.008   
13754     0.1     
13813     0.122   
13815     0.03    
13861     0.114   
13989     -99.99  
14044     0.009   
14088     0.021   
14104     0.219   
14110     0.026   
14154     0.219   
14156     -99.99  
14161     0.281   
14164     0.022   
14165     0.317   
14299     0.194   
14373     0.669   
14385     0.085   
14538     -99.99  
14551     0.006   
14593     0.407   
14644     -99.99  
14691     0.061   
14696     0.013   
14706     0.001   
14709     0.034   
14718     0.215   
14723     0.005   
14748     0.005   
14918     0.069   
15004     0.002   
15023     0.03    
15084     0.03    
15095     -99.99  
15138     0.004   
15139     0.072   
15244     0.002   
15251     0.116   
15269     0.015   
15273     0.042   
15280     0.017   
15294     0.013   
15304     0.02    
15309     0.009   
15339     0.006   
15340     0.012   
15360     0.003   
15366     0.018   
15370     0.04    
15386     0.016   
15418     0.506   
15438     0.43    
15454     0.04    
15459     -99.99  
15468     0.059   
15472     0.691   
15493     0.007   
15548     0.032   
15591     0.004   
15686     0.062   
15709     0.294   
15727     0.012   
15740     0.201   
15849     0.001   
15872     -99.99  
15897     -99.99  
15898     0.012   
15915     0.103   
15931     0.006   
15942     0.004   
15964     -99.99  
15965     0.116   
16023     0.011   
16065     0.009   
16069     0.013   
16073     0.132   
16131     0.179   
16164     0.009   
16199     0.089   
16243     0.02    
16245     0.023   
16246     0.004   
16256     0.132   
16263     -99.99  
16314     0.02    
16371     -99.99  
16372     0.02    
16383     0.025   
16399     0.009   
16436     0.051   
16485     0.036   
16494     0.096   
16517     0.049   
16616     0.044   
16665     0.019   
16701     0.028   
16753     0.025   
16755     -99.99  
16763     0.003   
16776     0.006   
16803     0.017   
16808     0.033   
16816     0.153   
16820     0.008   
16821     0.006   
16827     0.157   
16834     0.082   
16843     0.049   
16905     0.116   
16921     0.005   
16944     0.122   
16962     0.003   
16976     0.038   
16995     0.052   
17056     0.006   
17074     0.003   
17104     0.03    
17135     0.003   
17198     0.035   
17202     0.098   
17301     -99.99  
17346     0.003   
17366     0.003   
17376     0.112   
17415     0.002   
17445     0.008   
17486     0.012   
17493     -99.99  
17496     0.02    
17541     0.043   
17546     0.202   
17554     0.037   
17571     0.146   
17578     0.024   
17581     0.026   
17596     0.013   
17651     0.073   
17667     0.006   
17670     0.027   
17700     0.364   
17704     0.013   
17760     0.071   
17770     0.115   
17797     -99.99  
17831     0.05    
17858     0.02    
17859     0.039   
17860     0.022   
17911     0.091   
17919     0.02    
17927     0.091   
18055     0.028   
18100     0.028   
18135     0.008   
18184     0.066   
18188     0.003   
18239     0.024   
18256     0.007   
18296     0.102   
18325     0.022   
18337     -99.99  
18340     -99.99  
18383     0.014   
18411     0.005   
18420     0.181   
18449     0.03    
18465     0.039   
18482     0.027   
18530     0.024   
18562     -99.99  
18601     0.003   
18758     0.009   
18790     0.186   
18800     0.003   
18829     -99.99  
18837     0.002   
18844     0.009   
18847     0.014   
18860     0.34    
18919     0.014   
18980     0.012   
18982     0.003   
18994     0.005   
19000     0.012   
19061     0.005   
19064     0.005   
19065     0.016   
19085     0.02    
19170     0.087   
19184     0.002   
19186     0.019   
19206     0.005   
19221     0.66    
19295     0.005   
19340     0.009   
19379     0.021   
19399     0.172   
19402     0.025   
19410     0.025   
19412     0.029   
19491     0.004   
19494     0.217   
19574     0.071   
19575     0.004   
19592     0.008   
19607     -99.99  
19629     0.027   
19639     0.002   
19655     0.148   
19670     0.007   
19671     0.191   
19672     -99.99  
19684     0.017   
19708     0.003   
19748     -99.99  
19758     0.007   
19767     0.014   
19782     0.148   
19786     0.026   
19787     0.001   
19830     0.013   
19858     0.014   
19937     0.019   
19964     0.005   
19969     0.031   
20034     -99.99  
20191     0.023   
20210     0.023   
20234     0.019   
20243     0.013   
20307     0.116   
20311     0.003   
20348     0.036   
20349     0.01    
20364     0.008   
20435     0.013   
20440     0.014   
20444     0.016   
20445     0.016   
20459     -99.99  
20606     0.006   
20619     -99.99  
20620     0.019   
20660     0.083   
20680     0.022   
20705     0.067   
20795     0.165   
20873     0.014   
20877     0.014   
20894     0.026   
20931     0.043   
21022     0.191   
21025     0.015   
21027     0.023   
21040     0.006   
21053     0.039   
21141     0.041   
21180     0.017   
21268     0.002   
21324     0.191   
21326     0.008   
21367     0.164   
21436     0.015   
21442     0.018   
21504     0.02    
21508     0.007   
21655     0.012   
21699     0.053   
21706     0.011   
21750     0.015   
21790     0.092   
21795     0.421   
21840     0.031   
21860     0.708   
21875     0.168   
21902     0.048   
21918     0.237   
21942     0.015   
21947     0.154   
21975     0.063   
22067     0.027   
22079     0.025   
22082     0.016   
22097     0.041   
22120     0.073   
22127     0.063   
22205     -99.99  
22216     0.4     
22242     0.024   
22252     0.006   
22278     -99.99  
22292     0.039   
22336     0.009   
22365     0.004   
22367     0.039   
22369     0.004   
22401     0.014   
22411     0.025   
22474     0.238   
22492     -99.99  
22515     0.002   
22529     -99.99  
22576     0.023   
22599     0.014   
22620     -99.99  
22626     0.084   
22636     0.024   
22649     0.087   
22663     0.186   
22665     0.026   
22684     -99.99  
22703     0.002   
22705     0.035   
22709     -99.99  
22754     0.073   
22761     0.015   
22778     -99.99  
22801     0.004   
22811     0.062   
22837     -99.99  
22878     0.018   
22918     0.036   
22919     0.04    
22934     0.174   
22937     0.174   
22964     0.009   
22993     0.254   
23040     0.062   
23047     0.013   
23053     -99.99  
23056     0.006   
23068     0.056   
23122     0.043   
23149     -99.99  
23150     0.004   
23166     -99.99  
23191     0.031   
23255     0.02    
23260     0.02    
23270     0.077   
23339     -99.99  
23368     -99.99  
23395     -99.99  
23467     0.033   
23478     0.563   
23512     0.158   
23536     0.041   
23554     0.09    
23563     0.087   
23564     0.103   
23581     0.037   
23582     0.028   
23586     0.023   
23613     0.015   
23664     0.008   
23761     0.001   
23783     0.029   
23826     -99.99  
23859     0.01    
23893     0.002   
23914     0.002   
23949     0.146   
23958     0.024   
23984     0.059   
23986     0.034   
24026     0.294   
24033     0.041   
24046     -99.99  
24052     0.002   
24075     0.169   
24081     0.029   
24094     0.405   
24140     -99.99  
24155     -99.99  
24180     0.112   
24185     0.002   
24256     0.004   
24257     0.044   
24280     0.042   
24302     0.048   
24313     0.08    
24344     0.004   
24345     0.091   
24372     0.015   
24374     -99.99  
24379     0.005   
24407     0.038   
24409     0.042   
24421     0.105   
24427     0.205   
24431     0.002   
24443     0.205   
24474     0.004   
24477     0.002   
24487     0.011   
24501     0.055   
24521     0.324   
24535     0.092   
24540     0.019   
24541     0.041   
24544     0.031   
24547     0.099   
24561     0.031   
24564     0.004   
24613     0.006   
24635     0.003   
24654     0.015   
24673     0.001   
24698     0.033   
24705     0.023   
24726     0.027   
24782     0.054   
24795     0.014   
24799     0.001   
24828     0.033   
24844     0.088   
24890     0.052   
24902     0.271   
24906     0.034   
24913     0.179   
24916     0.011   
24922     0.271   
24944     0.045   
25003     0.032   
25015     0.02    
25028     0.027   
25096     0.061   
25104     0.018   
25115     0.002   
25138     0.095   
25139     0.013   
25153     0.174   
25166     0.034   
25168     -99.99  
25176     0.023   
25193     0.019   
25198     0.174   
25201     0.026   
25206     0.071   
25314     0.041   
25336     0.159   
25375     0.015   
25452     0.02    
25455     0.037   
25487     0.14    
25496     0.003   
25515     0.029   
25518     0.014   
25549     0.024   
25568     0.017   
25596     0.033   
25604     0.015   
25614     0.014   
25669     0.029   
25695     0.041   
25708     0.022   
25737     0.042   
25755     0.011   
25759     0.023   
25776     0.105   
25779     0.032   
25781     0.02    
25800     0.02    
25810     0.054   
25812     0.015   
25844     -99.99  
25850     0.024   
25851     0.034   
25858     0.417   
25862     0.026   
25869     0.089   
25877     0.043   
25893     0.105   
25915     0.115   
25918     0.004   
25946     0.021   
25952     0.006   
25963     0.005   
25968     -99.99  
25971     0.043   
25975     0.031   
25997     0.018   
26014     0.143   
26018     0.031   
26027     0.013   
26041     -99.99  
26062     0.002   
26098     0.03    
26140     0.018   
26176     0.033   
26212     0.013   
26222     0.009   
26224     0.032   
26238     0.014   
26245     0.005   
26330     0.027   
26340     0.007   
26368     0.038   
26379     0.038   
26380     0.062   
26398     0.026   
26430     0.029   
26446     0.143   
26463     0.003   
26471     0.01    
26490     0.016   
26531     0.048   
26532     0.597   
26548     0.021   
26599     0.029   
26617     0.004   
26621     0.09    
26642     0.007   
26659     0.057   
26680     0.041   
26730     -99.99  
26734     0.002   
26736     0.023   
26749     0.029   
26760     0.013   
26768     0.006   
26769     0.104   
26779     0.003   
26784     0.006   
26802     0.023   
26883     0.005   
26959     0.006   
26977     0.005   
27020     -99.99  
27036     0.005   
27064     0.1     
27085     0.022   
27104     0.005   
27137     -99.99  
27161     0.019   
27171     0.019   
27195     0.038   
27223     0.009   
27230     0.004   
27279     0.016   
27282     0.019   
27287     0.308   
27292     0.023   
27303     0.017   
27309     0.008   
27309     0.041   
27311     0.008   
27311     0.041   
27329     0.055   
27359     0.019   
27364     0.008   
27366     0.187   
27385     0.048   
27387     0.005   
27390     0.019   
27419     0.005   
27448     -99.99  
27452     0.016   
27454     0.04    
27466     0.035   
27471     0.067   
27475     -99.99  
27528     -99.99  
27533     0.122   
27544     0.054   
27570     0.002   
27618     0.033   
27640     0.046   
27670     0.201   
27693     0.436   
27709     0.035   
27713     0.006   
27736     0.054   
27787     0.358   
27796     0.01    
27805     0.124   
27829     0.008   
27836     0.009   
27853     0.009   
27856     0.009   
27877     0.028   
27925     0.003   
27983     0.011   
27991     0.113   
28036     0.085   
28072     -99.99  
28121     0.007   
28164     0.037   
28243     0.001   
28246     0.001   
28272     0.013   
28279     0.092   
28337     0.079   
28345     0.036   
28380     0.045   
28427     0.028   
28466     0.553   
28472     -99.99  
28510     0.061   
28514     0.002   
28547     0.009   
28621     0.159   
28649     0.323   
28655     -99.99  
28730     0.007   
28746     0.012   
28749     0.195   
28752     0.079   
28778     0.026   
28791     0.025   
28816     0.051   
28850     0.052   
28882     0.007   
28888     0.023   
28934     0.009   
28957     0.005   
28977     0.023   
28979     0.003   
29005     0.04    
29007     0.043   
29034     0.016   
29040     0.022   
29041     0.011   
29042     0.025   
29076     0.04    
29085     0.093   
29094     0.005   
29097     0.016   
29109     0.008   
29119     0.079   
29481     0.334   
29766     0.429   
29998     0.071   
30255     0.003   
30847     0.008   
30999     0.088   
31341     0.011   
33892     -99.99  
34083     0.04    
37623     0.21    
38215     0.001   
38221     0.001   
38506     0.186   
