# ID_Ours 	 ID_MAGPHYS 	 Distance(Arc Seconds) 
 
20.0	575984.0	1.3346404028e-07
25.0	575984.0	9.67291423421e-09
38.0	575943.0	4.98406634381e-09
59.0	578600.0	1.28907528467e-07
62.0	577614.0	2.42753524779e-09
67.0	577063.0	1.0124266836e-07
72.0	577063.0	2.84248405991e-09
87.0	577692.0	3.00092403625e-09
130.0	578741.0	2.3449418774e-08
146.0	578409.0	1.34590937817e-09
214.0	579303.0	3.24230435814e-09
270.0	580369.0	1.59060334768e-09
280.0	580203.0	3.38703446136e-09
283.0	580433.0	1.38196175525e-09
305.0	580203.0	1.17784991944e-07
335.0	581494.0	1.28104645238e-07
377.0	581437.0	6.79710961889e-09
383.0	581494.0	1.68613402052e-09
415.0	581723.0	9.33237878193e-09
502.0	582566.0	3.94545853691e-09
509.0	583632.0	1.11209844142e-07
510.0	584103.0	1.21000892492e-07
518.0	584192.0	3.12518095647e-09
523.0	584103.0	8.59332868084e-08
524.0	583333.0	4.14027337447e-09
532.0	583041.0	2.80625473863e-09
533.0	584103.0	9.71577655749e-08
543.0	583711.0	1.75631999008e-09
544.0	583950.0	1.17087651844e-09
545.0	583156.0	1.13844842007e-07
553.0	583041.0	1.50250055022e-07
561.0	583331.0	2.57171836657e-09
579.0	583385.0	7.8091816489e-09
587.0	584103.0	1.01062715443e-07
654.0	584568.0	2.00640400077e-09
680.0	583632.0	1.18788867357e-09
703.0	584489.0	3.96912993354e-09
725.0	584103.0	9.01047300504e-08
728.0	584103.0	1.65677000298e-09
757.0	584773.0	2.24795546261e-09
758.0	584867.0	1.01374927462e-07
770.0	584867.0	1.28688343419e-07
803.0	585546.0	3.35273421385e-09
824.0	584867.0	4.92101595317e-09
836.0	586264.0	9.16497525905e-10
864.0	585271.0	2.67140135767e-09
865.0	585642.0	1.60244924197e-09
874.0	586472.0	8.03397581339e-09
889.0	586472.0	3.69612724502e-08
894.0	586199.0	4.65340931399e-08
898.0	586472.0	6.35057263167e-08
899.0	585816.0	2.21902144804e-09
910.0	587138.0	1.22847087027e-09
928.0	586472.0	8.21171251973e-08
944.0	583632.0	1.35180907242e-07
947.0	586685.0	2.47628054417e-09
953.0	586421.0	2.80185924731e-09
961.0	586199.0	9.25104238614e-09
977.0	586421.0	1.03705039931e-07
1022.0	587530.0	3.74754934514e-09
1047.0	586946.0	2.66228636433e-09
1051.0	586131.0	4.57963420453e-09
1051.0	586698.0	9.99999191914e-08
1060.0	586131.0	9.48464987523e-08
1060.0	586698.0	7.49325037858e-10
1091.0	587344.0	6.83184192071e-10
1097.0	587234.0	8.05638004785e-08
1120.0	587871.0	9.11229801474e-08
1129.0	587871.0	5.36073808282e-09
1145.0	587234.0	1.60420086171e-09
1194.0	587742.0	7.16518999956e-10
1239.0	588371.0	8.24286809797e-09
1266.0	588765.0	1.76757196379e-08
1272.0	589111.0	1.25534864868e-09
1283.0	589408.0	9.35358942849e-08
1298.0	588172.0	1.26558963457e-09
1300.0	588961.0	5.69532974799e-09
1301.0	589117.0	8.75281278135e-10
1346.0	589323.0	1.84620399978e-09
1355.0	589945.0	3.66593666621e-09
1359.0	589408.0	5.18021050935e-10
1409.0	590868.0	3.77196993353e-09
1446.0	590140.0	1.83146679694e-09
1520.0	590373.0	3.99242808709e-09
1540.0	590722.0	3.6174744052e-09
1572.0	591097.0	1.17857033098e-08
1602.0	591188.0	2.21867000487e-09
1608.0	591219.0	6.56434181887e-08
1615.0	591219.0	8.40296479116e-09
1627.0	591055.0	6.25401974155e-09
1652.0	593373.0	2.16936818658e-09
1676.0	592134.0	1.97942287758e-09
1677.0	587726.0	2.61480499345e-09
1685.0	593721.0	1.340749057e-07
1702.0	592413.0	2.79352183133e-08
1710.0	592870.0	4.36332193177e-09
1712.0	591949.0	9.06874427115e-09
1715.0	591978.0	7.62810195856e-10
1717.0	591949.0	7.60629260298e-08
1719.0	592413.0	3.74852228399e-08
1728.0	594114.0	4.28911091129e-09
1743.0	592413.0	1.51426199163e-09
1752.0	592764.0	2.99564222841e-09
1754.0	593679.0	2.99624935888e-09
1755.0	592131.0	1.42110735944e-07
1767.0	592817.0	7.58718278857e-08
1794.0	592131.0	2.2833302323e-08
1811.0	592817.0	1.45892213542e-09
1821.0	592131.0	4.5981066788e-08
1845.0	593721.0	4.42599063324e-09
1855.0	593504.0	3.00022251482e-09
1896.0	593675.0	2.18149960303e-08
1897.0	594147.0	3.63076457918e-09
1900.0	592131.0	1.12103514903e-07
1901.0	593749.0	1.40968176387e-07
1904.0	593420.0	2.75787187133e-09
1920.0	593315.0	2.6642167283e-09
1936.0	594031.0	4.75516009329e-09
1938.0	594397.0	3.13079872962e-08
1941.0	593749.0	2.8325184621e-09
1948.0	594031.0	1.1631337482e-07
1954.0	594058.0	1.15988708377e-07
1960.0	593897.0	6.31438077723e-09
1962.0	594166.0	8.52349768007e-09
1981.0	593906.0	5.7400716082e-09
2010.0	594058.0	4.06382420154e-09
2011.0	595089.0	1.19924621886e-07
2014.0	594301.0	2.30859456042e-09
2016.0	594496.0	2.82583928742e-09
2067.0	594776.0	3.8821636682e-09
2080.0	595089.0	1.07843824825e-08
2085.0	594397.0	7.97570028343e-09
2088.0	594672.0	7.24546386374e-11
2089.0	594200.0	1.34208763024e-07
2103.0	594200.0	2.34739893831e-09
2123.0	597349.0	1.50552440621e-07
2144.0	595181.0	1.28781236284e-09
2213.0	596108.0	5.87976995177e-09
2238.0	596637.0	4.50651698965e-10
2253.0	596302.0	2.59189018039e-09
2265.0	596124.0	1.97930134502e-09
2270.0	595708.0	4.83333156824e-09
2292.0	597261.0	4.54432720025e-10
2335.0	595884.0	1.07433756728e-07
2338.0	598406.0	3.75861379687e-09
2348.0	598098.0	8.68221755883e-08
2348.0	598436.0	1.45873508244e-07
2379.0	597370.0	1.39070084986e-07
2405.0	598098.0	1.40313225949e-07
2406.0	598159.0	4.33208193466e-09
2433.0	598630.0	4.37251059305e-08
2442.0	581509.0	1.80902968817e-09
2446.0	597859.0	8.19373992973e-09
2449.0	598436.0	6.22455772691e-08
2472.0	597820.0	2.83343038866e-09
2473.0	598441.0	2.76099672779e-09
2476.0	598630.0	2.46495262133e-08
2478.0	597252.0	2.3925617142e-09
2483.0	598169.0	2.66979446284e-09
2486.0	598163.0	1.29205221863e-08
2488.0	597370.0	2.51515294937e-09
2495.0	595884.0	9.52916208318e-08
2496.0	597757.0	2.15309649298e-09
2500.0	597349.0	3.43783272967e-09
2504.0	595884.0	1.93595414257e-09
2512.0	598005.0	2.79304183312e-09
2518.0	598378.0	6.04690141118e-10
2522.0	598098.0	4.02355380264e-09
2543.0	598436.0	1.29781649336e-08
2548.0	598068.0	4.31600007751e-09
2550.0	598775.0	1.23351813339e-09
2563.0	598135.0	5.46348885685e-09
2578.0	598417.0	2.43405033014e-09
2626.0	598068.0	1.44678766595e-07
2632.0	599248.0	1.52874058189e-07
2633.0	597370.0	9.23517798937e-08
2677.0	597570.0	1.6384917052e-08
2696.0	601267.0	3.2431437798e-09
2699.0	599248.0	3.48678666134e-09
2713.0	599287.0	2.17165944479e-09
2754.0	597743.0	2.84001159063e-09
2769.0	600305.0	1.48521510514e-09
2775.0	599953.0	1.09912010543e-07
2779.0	600601.0	2.50876320412e-08
2800.0	600465.0	4.80883788668e-08
2820.0	600465.0	2.71426846745e-08
2836.0	600383.0	7.58555966611e-09
2843.0	600601.0	4.58113183985e-08
2849.0	600541.0	2.40950038737e-09
2869.0	599953.0	3.66712675099e-09
2891.0	603117.0	5.34766025133e-08
2901.0	602102.0	2.15368009531e-09
2925.0	600925.0	3.51547622005e-09
2934.0	603117.0	1.38335051691e-07
2965.0	601351.0	3.51420805192e-09
2997.0	601353.0	3.84079228286e-10
3000.0	601489.0	3.2947595547e-09
3008.0	602525.0	1.89007093845e-09
3018.0	601669.0	5.54527993268e-09
3082.0	601798.0	2.94234695368e-09
3109.0	603117.0	1.91118847351e-09
3118.0	602238.0	3.55086708759e-09
3139.0	602621.0	2.88848885939e-09
3150.0	602751.0	9.2638599272e-10
3175.0	600828.0	5.33558697636e-09
3186.0	596994.0	6.59851113929e-09
3237.0	604672.0	1.5176944068e-07
3238.0	603183.0	4.01751367157e-09
3271.0	603780.0	3.66798792036e-09
3282.0	604848.0	1.85169321338e-08
3291.0	605061.0	2.42764052483e-09
3293.0	604041.0	9.21134704942e-09
3355.0	604946.0	2.24508580491e-09
3358.0	590981.0	2.25992878974e-09
3367.0	604672.0	9.51080495474e-10
3417.0	603779.0	4.20179196165e-09
3458.0	604693.0	2.1265988025e-09
3483.0	605165.0	2.26579044123e-09
3493.0	604973.0	1.50424907759e-09
3508.0	607561.0	1.1572651316e-07
3530.0	606737.0	1.13315817838e-08
3532.0	605082.0	2.06777725891e-09
3546.0	604900.0	7.60181950694e-09
3548.0	605408.0	1.06317492011e-09
3580.0	605293.0	7.91695747704e-10
3584.0	605953.0	5.99226255239e-10
3605.0	605445.0	5.88782478411e-10
3616.0	606680.0	3.10999011577e-09
3618.0	607340.0	1.1533551308e-08
3634.0	605713.0	3.44447781972e-09
3639.0	606174.0	4.98014995905e-09
3672.0	606820.0	1.06959520543e-09
3711.0	606624.0	4.37586151353e-09
3732.0	606532.0	4.16879764039e-09
3741.0	607340.0	3.71939227949e-08
3750.0	607064.0	7.07553553957e-08
3757.0	607561.0	1.58222233962e-08
3784.0	607064.0	8.01091989609e-09
3827.0	607495.0	4.20959008728e-10
3834.0	604576.0	1.77560284694e-09
3845.0	606238.0	2.60390168978e-09
3919.0	608574.0	3.32844484419e-09
3920.0	608278.0	2.2617314019e-09
3945.0	608918.0	3.77622747218e-09
3946.0	609717.0	9.6270892569e-10
3955.0	609077.0	3.55990047221e-10
3982.0	609185.0	2.27360060292e-09
4021.0	609887.0	2.42965432531e-09
4025.0	609485.0	9.79248437086e-08
4038.0	610080.0	6.34509790552e-10
4049.0	608983.0	9.79429006011e-10
4051.0	605428.0	2.20029152488e-09
4063.0	609881.0	6.42001726265e-10
4072.0	609485.0	2.47668057074e-09
4092.0	609768.0	4.61001261258e-09
4093.0	609292.0	9.41233394677e-08
4107.0	610042.0	1.70636396513e-09
4124.0	609292.0	6.01134264938e-09
4191.0	611035.0	7.13493914854e-09
4218.0	610145.0	6.96738731165e-09
4277.0	611117.0	5.17307151064e-09
4373.0	613185.0	2.34450076425e-09
4378.0	613662.0	1.13408606819e-07
4384.0	612723.0	1.0686365163e-07
4409.0	612723.0	4.42772581675e-09
4424.0	612494.0	1.20450931371e-09
4431.0	612471.0	5.40335538861e-09
4441.0	612923.0	2.30659821352e-09
4448.0	613662.0	1.18732037191e-07
4459.0	613382.0	2.20787669415e-09
4472.0	613581.0	1.73432041403e-09
4473.0	612897.0	3.39389177044e-09
4490.0	613328.0	7.06187392363e-10
4502.0	613662.0	2.22982115412e-08
4522.0	613882.0	1.03209729603e-09
4532.0	614250.0	2.27204297703e-09
4536.0	611335.0	7.4967508138e-10
4545.0	613684.0	1.81798595048e-09
4606.0	614408.0	1.8579126609e-09
4607.0	613819.0	5.44421659655e-08
4607.0	614425.0	6.04163356036e-08
4630.0	615839.0	1.49170903821e-07
4631.0	613819.0	5.38429560104e-09
4631.0	614425.0	7.92192429015e-08
4649.0	614795.0	8.87724204078e-10
4650.0	613819.0	8.47992941638e-08
4650.0	614425.0	1.08292864353e-08
4659.0	614898.0	5.03016257111e-09
4662.0	615042.0	8.10814217115e-08
4664.0	615042.0	1.05038301732e-07
4681.0	615042.0	2.15479643348e-09
4685.0	616983.0	5.13926513094e-08
4686.0	614690.0	2.97573656444e-09
4751.0	615839.0	2.72946087262e-09
4760.0	616953.0	1.36043587456e-09
4781.0	616381.0	1.61168494415e-09
4783.0	616407.0	4.23507771429e-09
4792.0	615964.0	2.51605535619e-09
4819.0	616995.0	2.02327526069e-08
4834.0	617000.0	6.30138719697e-10
4837.0	616355.0	8.2186395231e-10
4847.0	615941.0	4.46318111747e-09
4860.0	616192.0	1.35587477112e-09
4866.0	616362.0	1.54194139313e-09
4869.0	616784.0	4.51592762335e-09
4874.0	616983.0	1.02036456066e-08
4890.0	616812.0	2.10612825641e-09
4897.0	617009.0	2.99145012088e-09
4914.0	617044.0	2.42078573381e-09
4920.0	617573.0	7.86916040907e-10
4953.0	616608.0	1.14692545961e-07
4953.0	617573.0	1.49080299602e-07
4955.0	616724.0	4.12615784472e-09
4965.0	616646.0	2.98183496033e-09
4972.0	616608.0	4.62579223786e-09
4976.0	617108.0	2.65704655057e-10
4987.0	616608.0	1.30929675717e-07
5002.0	618261.0	1.18448211344e-07
5034.0	617721.0	6.18086196086e-09
5056.0	618225.0	3.60821623438e-10
5071.0	617752.0	1.07026623213e-09
5087.0	618374.0	2.56821658851e-09
5118.0	618291.0	3.86643065913e-09
5127.0	618401.0	1.42143564776e-09
5145.0	618817.0	2.73900710632e-09
5149.0	618261.0	4.61310276375e-09
5155.0	619015.0	2.31988414028e-09
5180.0	618852.0	4.83372658279e-09
5181.0	618691.0	3.47730991543e-09
5185.0	619683.0	7.70566829144e-11
5199.0	620043.0	8.82198154601e-09
5204.0	620476.0	7.87149319997e-10
5227.0	616170.0	1.81325833196e-09
5240.0	619713.0	3.47359422708e-09
5247.0	622262.0	4.83454971869e-08
5274.0	619287.0	1.24704933488e-09
5280.0	619528.0	1.29421285982e-08
5323.0	619667.0	3.25936902095e-09
5350.0	619853.0	4.76938181453e-09
5356.0	620545.0	6.70149777144e-09
5357.0	621157.0	1.07240229544e-09
5446.0	620897.0	6.20755522403e-09
5447.0	621392.0	7.79967913401e-09
5452.0	620499.0	4.75784594115e-10
5482.0	618501.0	1.45156140622e-09
5509.0	621230.0	3.98087464075e-09
5514.0	622411.0	1.25335162399e-09
5515.0	621251.0	2.08397396608e-09
5522.0	621634.0	6.30966651649e-10
5528.0	621569.0	3.98742398104e-09
5620.0	623586.0	5.81611601965e-10
5629.0	622434.0	6.59525617633e-10
5681.0	623330.0	8.66951790142e-08
5693.0	622498.0	3.19266436764e-09
5694.0	621926.0	4.59797629186e-09
5712.0	623330.0	2.00089456491e-09
5719.0	623139.0	1.83580596285e-09
5765.0	624426.0	3.11798541258e-09
5813.0	624008.0	4.31904916511e-09
5820.0	624009.0	2.82204852903e-09
5839.0	625121.0	7.4795468524e-10
5840.0	624934.0	6.68208527373e-10
5849.0	622134.0	2.0266226172e-09
5884.0	625004.0	9.125935122e-10
5903.0	624608.0	2.73043264176e-09
5916.0	625217.0	3.58010375958e-08
5922.0	625217.0	7.7789802702e-08
5937.0	625217.0	2.73017051606e-08
5985.0	625539.0	6.22216462383e-08
6002.0	626034.0	2.14450962705e-09
6010.0	625217.0	1.13965245349e-07
6040.0	625529.0	3.76247913941e-09
6048.0	626175.0	2.17253710674e-09
6105.0	627356.0	3.65812006323e-08
6119.0	625529.0	1.2340062806e-07
6127.0	627630.0	6.34434804208e-08
6135.0	627356.0	1.62282982566e-08
6139.0	627107.0	4.71016648984e-09
6193.0	627471.0	5.34019850775e-09
6201.0	627630.0	7.88572843016e-09
6228.0	628809.0	2.51093777142e-09
6236.0	628555.0	3.30851449497e-09
6253.0	629400.0	3.29045994714e-09
6288.0	628777.0	4.17836395423e-09
6310.0	628019.0	7.08193299564e-10
6327.0	629641.0	3.62987349835e-09
6333.0	628448.0	2.6222628366e-09
6339.0	627718.0	3.17652907084e-09
6368.0	629248.0	3.09371410423e-09
6413.0	629390.0	3.39034195191e-09
6451.0	629823.0	2.75638148973e-09
6459.0	629767.0	1.3216413056e-09
6529.0	631292.0	2.26373635544e-09
6532.0	630407.0	3.46106545618e-09
6573.0	630745.0	4.27526027679e-09
6588.0	631114.0	2.30649516764e-09
6674.0	632231.0	1.5012206636e-07
6674.0	632440.0	4.07245268618e-09
6696.0	631930.0	6.85395107244e-08
6713.0	631930.0	1.57148272923e-09
6746.0	632231.0	1.54076212148e-09
6746.0	632440.0	1.48240688305e-07
6771.0	633369.0	2.76295775584e-09
6800.0	633661.0	3.10788369606e-09
6831.0	634042.0	1.79333537215e-09
6864.0	633529.0	1.59327684889e-08
6880.0	633530.0	1.15251584523e-09
6884.0	634278.0	2.07874574786e-09
6939.0	632960.0	5.50604748394e-09
6966.0	634643.0	6.29446256935e-09
6978.0	634682.0	1.98756568389e-09
6998.0	635536.0	4.04241738886e-09
7072.0	635245.0	1.30594940053e-09
7076.0	635198.0	1.94227699799e-09
7081.0	635416.0	5.33765918325e-09
7099.0	635784.0	8.30748467934e-08
7129.0	637066.0	3.2227349263e-09
7137.0	637190.0	4.33210083663e-09
7146.0	635879.0	3.00276495983e-09
7154.0	635784.0	2.51355967673e-09
7198.0	635784.0	1.18422207194e-07
7209.0	636373.0	4.14347689724e-09
7224.0	636995.0	8.16216949401e-10
7271.0	637404.0	5.95508389026e-08
7302.0	637404.0	7.73150532464e-09
7334.0	637446.0	1.54312362925e-09
7351.0	637637.0	8.57449406379e-10
7364.0	637814.0	1.25507328733e-07
7390.0	637649.0	2.09940724126e-09
7443.0	638274.0	1.33599184998e-09
7447.0	634500.0	2.74085578829e-09
7491.0	639237.0	1.29974036113e-09
7510.0	638447.0	1.64795253357e-09
7511.0	638618.0	2.17282438539e-09
7574.0	640098.0	4.18528310498e-08
7587.0	638704.0	1.08886193353e-07
7589.0	638704.0	4.41231730708e-09
7605.0	639412.0	7.27783729983e-09
7619.0	639097.0	2.89516065214e-09
7623.0	639130.0	1.15967223281e-09
7645.0	640349.0	4.62760069296e-09
7739.0	640319.0	4.58819033435e-10
7759.0	641245.0	4.62634278762e-09
7786.0	641228.0	2.21412419993e-09
7794.0	641138.0	1.67671659335e-09
7821.0	641307.0	2.54067433452e-09
7874.0	642214.0	1.86555688206e-08
7902.0	642271.0	1.24644473768e-08
7941.0	641950.0	7.0804452357e-10
8010.0	644822.0	1.04929412369e-08
8024.0	643491.0	7.3728397031e-10
8025.0	644822.0	6.27921243625e-08
8028.0	644889.0	8.89730543951e-08
8050.0	642836.0	1.76391229733e-09
8084.0	643014.0	3.65166941343e-09
8090.0	644822.0	9.07325162674e-08
8109.0	643919.0	1.97503378228e-09
8127.0	643706.0	2.21670903996e-09
8138.0	643577.0	1.58400682609e-09
8179.0	644764.0	1.77092905929e-09
8180.0	644243.0	1.82165998606e-09
8230.0	644062.0	3.68616556173e-09
8234.0	644889.0	1.24035255744e-08
8241.0	644314.0	4.19805293619e-09
8306.0	645220.0	4.25422269806e-09
8310.0	646171.0	1.18334026027e-07
8334.0	645232.0	1.04958174177e-09
8344.0	646171.0	7.91786297683e-08
8347.0	646102.0	1.69729002996e-09
8360.0	645125.0	4.69245966126e-09
8368.0	646171.0	3.08017503184e-08
8429.0	646384.0	3.35783976872e-09
8494.0	646620.0	7.52395722565e-08
8514.0	646311.0	2.5645864799e-09
8541.0	643804.0	1.52567030149e-07
8547.0	646904.0	3.28149193532e-08
8551.0	646904.0	4.96853157589e-08
8562.0	646620.0	8.60072469473e-09
8574.0	646969.0	9.2459145361e-09
8685.0	647579.0	1.28915090268e-07
8698.0	647579.0	5.47750739842e-09
8728.0	647726.0	2.58475815295e-09
8734.0	647813.0	3.10579268231e-09
8751.0	643804.0	6.83161747148e-09
8841.0	649459.0	1.39214965716e-07
8858.0	649459.0	4.07878187461e-08
8872.0	651374.0	3.34806553291e-08
8883.0	648970.0	2.91259486459e-09
8885.0	649935.0	3.49794022864e-09
8887.0	649459.0	2.83150270302e-08
8893.0	649359.0	6.58717062624e-09
8949.0	649594.0	5.89177761208e-10
8987.0	650346.0	9.98360830843e-10
9026.0	651083.0	1.94126806163e-09
9035.0	650615.0	2.47513255148e-09
9043.0	651198.0	2.01780118279e-08
9077.0	651176.0	1.43011400649e-08
9124.0	650978.0	3.48976407426e-09
9134.0	651643.0	3.25857242441e-09
9136.0	651325.0	5.35077279503e-08
9180.0	651325.0	1.22587187987e-08
9192.0	652144.0	1.74975686298e-08
9217.0	650752.0	7.46932531849e-09
9237.0	651835.0	3.01747028735e-09
9257.0	652715.0	1.41064090432e-09
9259.0	652370.0	1.43793214012e-09
9264.0	652436.0	1.77203212811e-09
9309.0	653033.0	1.69028155192e-08
9324.0	653033.0	3.14868194651e-08
9335.0	653385.0	5.3902075238e-09
9401.0	653033.0	5.34754659502e-08
9417.0	656798.0	8.49685881681e-08
9430.0	653540.0	5.43240078737e-10
9451.0	653612.0	3.10417039534e-09
9454.0	653679.0	1.24718769905e-08
9463.0	654571.0	3.44645099727e-08
9470.0	653780.0	6.68255193599e-08
9484.0	653780.0	1.6577975957e-09
9487.0	653700.0	4.60021777599e-09
9492.0	656882.0	1.15563278021e-07
9507.0	655097.0	1.07704148215e-07
9520.0	656798.0	4.9861682875e-09
9525.0	654571.0	4.10076777959e-08
9545.0	655251.0	4.29939043957e-09
9556.0	655688.0	1.38363027781e-07
9582.0	654940.0	1.09369382454e-09
9603.0	655343.0	3.88884656708e-09
9615.0	654880.0	4.68833497795e-09
9624.0	655097.0	4.34368980621e-09
9636.0	655173.0	4.66883945549e-09
9640.0	655562.0	4.08151566294e-09
9642.0	655719.0	7.77821175545e-08
9678.0	655219.0	3.03319266942e-09
9687.0	655856.0	1.28545039718e-09
9713.0	656882.0	6.55632741406e-09
9719.0	657027.0	9.74774015548e-08
9740.0	656926.0	2.4027283575e-08
9752.0	656276.0	8.03479205776e-09
9758.0	655719.0	1.05499579165e-09
9772.0	656469.0	1.09855288138e-09
9787.0	656471.0	5.20225353358e-09
9791.0	656427.0	5.84813111968e-09
9825.0	657027.0	1.01248853144e-08
9827.0	656926.0	1.93274428216e-08
9832.0	657502.0	2.28432268735e-09
9848.0	657219.0	2.73429997396e-09
9884.0	657616.0	1.83952027393e-09
9890.0	659416.0	1.36227017513e-07
9967.0	657782.0	6.4000539454e-09
9980.0	657977.0	6.0730787914e-09
9982.0	658016.0	2.64998920651e-09
10038.0	659416.0	4.53933902469e-09
10041.0	660310.0	5.06626647544e-08
10049.0	649852.0	3.8342460135e-09
10067.0	658561.0	3.28465151179e-09
10079.0	658956.0	1.33607361013e-07
10104.0	658956.0	6.71446783595e-09
10118.0	658851.0	5.4300592406e-09
10122.0	659459.0	5.35415590366e-10
10143.0	655697.0	1.41170018389e-09
10189.0	661110.0	1.19699235118e-07
10231.0	659922.0	6.70002161774e-09
10234.0	660464.0	1.14735919857e-08
10244.0	659106.0	6.55093829839e-09
10263.0	660588.0	3.81962171058e-09
10289.0	660169.0	1.32446889156e-09
10311.0	663103.0	1.38242112096e-07
10321.0	661110.0	8.15345031573e-09
10326.0	660994.0	1.290721426e-07
10358.0	660994.0	6.06735073246e-09
10360.0	661289.0	1.04699707728e-09
10364.0	661235.0	4.54441420744e-09
10389.0	661774.0	7.7361016454e-09
10390.0	661557.0	5.64185464624e-09
10419.0	660268.0	9.27780770235e-09
10427.0	661138.0	1.16644258511e-08
10434.0	660902.0	1.1660905946e-07
10444.0	660902.0	2.34968689432e-09
10486.0	662537.0	1.9511338437e-09
10538.0	662821.0	8.38366644631e-09
10566.0	661912.0	5.91054713486e-09
10569.0	661679.0	1.9500504822e-08
10601.0	662096.0	3.36891533715e-09
10624.0	663103.0	5.13393373997e-09
10663.0	663356.0	3.1686971883e-09
10675.0	663799.0	1.42376925992e-07
10700.0	663900.0	1.11658616093e-09
10718.0	663565.0	5.92448807011e-09
10749.0	663799.0	4.15980913077e-09
10753.0	665760.0	1.12054870914e-07
10774.0	663627.0	2.28094380914e-09
10791.0	663735.0	4.73844023362e-09
10797.0	664099.0	5.92523342397e-09
10798.0	664198.0	5.55781301095e-09
10837.0	664903.0	3.97523112012e-09
10868.0	665267.0	5.21853249295e-08
10889.0	664683.0	2.58368429031e-09
10905.0	664683.0	1.472523447e-07
10927.0	665338.0	3.56407037655e-09
10936.0	665298.0	5.12811363369e-09
10952.0	665393.0	2.66209721652e-09
10954.0	665760.0	1.50432566914e-09
10965.0	665223.0	5.43586670489e-10
10987.0	665137.0	3.08764803443e-09
10999.0	665751.0	2.46184217593e-09
11043.0	666686.0	4.5970521093e-09
11063.0	665652.0	5.43563308333e-09
11132.0	666743.0	7.99851142532e-10
11154.0	667327.0	2.5865539714e-09
11170.0	666430.0	1.80572032947e-09
11196.0	667051.0	2.29931103997e-09
11214.0	667102.0	3.9828302822e-09
11223.0	668552.0	2.57456870687e-09
11270.0	667662.0	5.7824765358e-09
11299.0	667591.0	5.79704140296e-09
11304.0	667642.0	5.55298964403e-09
11317.0	667828.0	2.54481718017e-09
11368.0	668488.0	5.8452534803e-09
11403.0	671518.0	1.01025651192e-08
11464.0	659855.0	3.2081179574e-09
11495.0	670259.0	5.77805799436e-08
11510.0	669714.0	2.86699614255e-09
11540.0	671380.0	1.1605847762e-07
11548.0	669814.0	3.32687074329e-09
11551.0	670259.0	2.24813138749e-08
11557.0	672077.0	4.80108345049e-08
11601.0	671428.0	4.37279373489e-09
11605.0	670923.0	1.29727833276e-07
11623.0	670137.0	6.88199586238e-09
11642.0	668907.0	6.49546244923e-09
11662.0	670999.0	4.35140665439e-09
11672.0	670950.0	3.36702996159e-09
11695.0	672077.0	7.588298841e-09
11699.0	671186.0	3.91047697858e-09
11700.0	671565.0	1.6980764337e-08
11711.0	671380.0	2.90727105677e-09
11719.0	670923.0	3.94130971629e-09
11781.0	671929.0	2.69758253626e-09
11784.0	671537.0	1.89574924655e-08
11792.0	671537.0	1.96242951055e-08
11811.0	671935.0	1.48849843485e-07
11815.0	671669.0	4.33091946577e-09
11841.0	672249.0	1.12858262423e-07
11850.0	671936.0	9.18913811708e-08
11851.0	672249.0	3.08228241857e-09
11864.0	671936.0	5.72998054872e-09
11873.0	672249.0	7.84517590613e-08
11892.0	672576.0	3.24369629925e-09
11910.0	671935.0	8.79397002817e-08
11919.0	672723.0	1.09328501813e-09
11936.0	672442.0	5.46068552589e-09
11993.0	673627.0	5.45129414861e-09
12033.0	673476.0	5.73548301664e-09
12040.0	674103.0	4.04151521621e-09
12135.0	675574.0	4.74485770494e-09
12138.0	675099.0	6.03798915457e-09
12146.0	676537.0	1.84600907761e-09
12165.0	674634.0	3.89084029429e-09
12199.0	675500.0	3.66542011254e-09
12205.0	675403.0	2.4536943031e-09
12246.0	675838.0	5.72915553336e-09
12279.0	675653.0	3.98532758187e-08
12346.0	679377.0	2.96778044164e-09
12383.0	677035.0	3.43531458901e-09
12400.0	676661.0	3.73175992158e-09
12429.0	677278.0	4.55530623167e-09
12433.0	677100.0	3.49887452352e-09
12438.0	678094.0	3.3948280599e-09
12444.0	676950.0	5.52070007354e-09
12549.0	679195.0	1.48267763321e-08
12554.0	679195.0	3.79116842157e-08
12589.0	677814.0	6.36313606839e-09
12598.0	678544.0	7.65496922201e-09
12606.0	678711.0	3.36997218975e-09
12662.0	679299.0	3.5622973686e-09
12670.0	679480.0	7.18326828417e-09
12677.0	679881.0	3.66915625144e-09
12702.0	679643.0	1.48316751582e-07
12725.0	679643.0	2.9734525901e-09
12759.0	680249.0	6.33127849655e-09
12783.0	673482.0	4.61120724954e-09
12795.0	682533.0	4.97340755473e-09
12808.0	679984.0	6.95128522436e-08
12809.0	681132.0	2.22174394929e-09
12811.0	682194.0	1.52747891085e-07
12820.0	681237.0	6.30399502285e-09
12865.0	679984.0	1.28749682564e-07
12872.0	679984.0	1.92465715391e-08
12873.0	681415.0	4.59201796978e-09
12909.0	681438.0	2.21860264647e-09
12929.0	682194.0	1.34257189028e-09
12959.0	681438.0	1.44439145418e-07
12978.0	682524.0	5.68132342827e-09
12982.0	682663.0	6.81732879455e-09
12997.0	682361.0	4.35633273374e-09
13020.0	682900.0	9.72167422485e-09
13022.0	682520.0	1.28464682239e-08
13072.0	683483.0	1.14509348473e-09
13102.0	685690.0	3.41766497602e-09
13122.0	683583.0	3.06135382856e-09
13135.0	683763.0	3.71669283482e-09
13136.0	684637.0	2.27563724732e-09
13168.0	684153.0	2.12451738883e-08
13191.0	684775.0	8.13945628506e-09
13225.0	684742.0	3.28371762795e-09
13276.0	685301.0	3.39408273297e-09
13288.0	685951.0	5.79309166806e-09
13295.0	685002.0	4.65910424415e-09
13336.0	682049.0	4.31554777499e-09
13345.0	685150.0	1.57218171628e-09
13390.0	686579.0	3.21266767388e-09
13435.0	686849.0	5.08760255691e-09
13460.0	686847.0	3.97000275237e-09
13481.0	686961.0	2.42847014111e-09
13485.0	687585.0	2.60271675435e-09
13551.0	686976.0	4.75552764824e-09
13579.0	687300.0	3.68775428163e-09
13584.0	687190.0	4.14886042183e-09
13589.0	686843.0	3.55960321987e-09
13600.0	687399.0	2.37208014772e-09
13672.0	688168.0	7.7581655176e-10
13709.0	688862.0	2.79210965255e-09
13713.0	688593.0	3.95232768338e-09
13728.0	688604.0	4.59514440725e-09
13754.0	688791.0	2.80445857513e-09
13813.0	689810.0	5.06817958461e-09
13815.0	689678.0	4.59328704082e-09
13861.0	690455.0	4.38935283711e-09
13989.0	692398.0	7.55491451224e-08
14044.0	692083.0	2.31120200421e-09
14088.0	692171.0	6.37256355796e-09
14104.0	692079.0	1.52161963589e-07
14110.0	691545.0	3.95641959919e-09
14154.0	692079.0	5.63223210413e-09
14156.0	692398.0	8.53422570674e-09
14161.0	692949.0	4.30828572968e-09
14164.0	692200.0	2.36655710476e-09
14165.0	692011.0	5.19554254648e-09
14299.0	692933.0	4.38956812558e-09
14373.0	693220.0	2.826134846e-09
14385.0	693636.0	4.84271853858e-09
14538.0	694835.0	4.11610435367e-09
14551.0	696109.0	9.75135473358e-09
14593.0	696150.0	5.98705589718e-09
14644.0	696669.0	3.86729159595e-09
14691.0	697082.0	3.76396235896e-08
14696.0	696578.0	5.26781730265e-09
14706.0	695914.0	2.26609926869e-09
14709.0	696495.0	4.12148408635e-09
14718.0	696324.0	6.4868066391e-09
14723.0	698303.0	4.44776511427e-08
14748.0	698303.0	2.44884402431e-08
14918.0	698111.0	1.100813681e-08
15004.0	700949.0	3.86614855134e-09
15023.0	700256.0	4.30394733231e-08
15084.0	700256.0	1.8920227037e-08
15095.0	700757.0	7.12168050977e-09
15138.0	700093.0	5.59158737002e-09
15139.0	699875.0	4.15397913436e-09
15244.0	700080.0	6.36420951213e-09
15251.0	701308.0	3.25301185614e-09
15269.0	700545.0	5.56916985132e-09
15273.0	701264.0	4.14264918082e-09
15280.0	700500.0	5.74115657847e-09
15294.0	700707.0	6.38202971106e-09
15304.0	700642.0	3.22927586587e-09
15309.0	701265.0	3.70100259228e-08
15339.0	701326.0	4.14373137004e-09
15340.0	702117.0	3.13339320426e-09
15360.0	701586.0	4.73582160326e-09
15366.0	701696.0	6.63595923683e-09
15370.0	702874.0	1.24425633311e-07
15386.0	702127.0	3.06919271024e-09
15418.0	701913.0	6.12107387637e-09
15438.0	702238.0	6.73524991014e-09
15454.0	702874.0	3.95699983565e-08
15459.0	700270.0	5.05775028811e-09
15468.0	704321.0	6.20145579444e-09
15472.0	702072.0	4.03429858457e-09
15493.0	703474.0	8.43079409672e-09
15548.0	703355.0	6.17716495601e-09
15591.0	702910.0	7.61516878038e-09
15686.0	705365.0	3.19572751245e-09
15709.0	704831.0	4.6480062592e-09
15727.0	705335.0	1.30839275442e-07
15740.0	704764.0	3.01022549535e-09
15849.0	705116.0	2.91171048431e-09
15872.0	697556.0	2.74977971771e-09
15897.0	705530.0	3.48229098812e-09
15898.0	705335.0	2.10119622636e-08
15915.0	707597.0	2.02484956951e-08
15931.0	706436.0	7.37658498221e-09
15942.0	705800.0	5.629377234e-09
15964.0	705530.0	1.48423836344e-07
15965.0	705993.0	5.83506198626e-09
16023.0	707657.0	6.06580725761e-08
16065.0	708136.0	1.33277049353e-07
16069.0	707472.0	1.41982723773e-08
16073.0	709246.0	1.48323317631e-07
16131.0	707887.0	3.48884437837e-09
16164.0	708136.0	6.32721869304e-09
16199.0	708824.0	4.96027051453e-09
16243.0	708023.0	3.82525747906e-09
16245.0	708990.0	4.14379660435e-09
16246.0	708131.0	8.26225003248e-09
16256.0	709246.0	2.62277716279e-09
16263.0	708170.0	4.01206003582e-09
16314.0	709885.0	1.40314369361e-07
16371.0	701709.0	3.18397523372e-09
16372.0	709885.0	5.81582268541e-09
16383.0	709277.0	4.62729863841e-09
16399.0	709040.0	5.62249893952e-09
16436.0	709343.0	1.41121680415e-08
16485.0	709931.0	2.30771038614e-09
16494.0	709791.0	2.82933215444e-09
16517.0	709934.0	8.77319705975e-09
16616.0	711076.0	2.49288010443e-09
16665.0	711974.0	2.76589699452e-09
16701.0	711890.0	4.47394742855e-09
16753.0	712810.0	3.7275655712e-09
16755.0	712337.0	1.08097221412e-08
16763.0	712162.0	3.49207456307e-09
16776.0	712248.0	3.64875030758e-09
16803.0	712780.0	7.1733860675e-09
16808.0	712433.0	2.89672736461e-09
16816.0	713135.0	2.45455812601e-09
16820.0	712641.0	6.57168069359e-09
16821.0	712932.0	2.39317988773e-09
16827.0	712792.0	1.98977735814e-09
16834.0	713208.0	5.70258336307e-09
16843.0	712919.0	3.35894393035e-09
16905.0	713309.0	2.37246984845e-09
16921.0	714466.0	5.09033036912e-09
16944.0	713487.0	5.37385497051e-09
16962.0	713889.0	2.0394161488e-09
16976.0	714439.0	3.63953123171e-09
16995.0	714305.0	7.7523272533e-09
17056.0	715795.0	2.28103020757e-09
17074.0	713889.0	1.51954605899e-07
17104.0	716184.0	3.48826337387e-09
17135.0	715317.0	3.96057177503e-09
17198.0	716296.0	5.18029831902e-09
17202.0	715821.0	4.48595352365e-09
17301.0	718542.0	1.44974265312e-07
17346.0	717183.0	1.1178137776e-07
17366.0	717183.0	4.25853729824e-09
17376.0	717896.0	2.90745372708e-09
17415.0	717935.0	4.39203817648e-09
17445.0	718342.0	9.77809185908e-09
17486.0	718340.0	5.66398371644e-09
17493.0	718542.0	3.39881235905e-09
17496.0	718522.0	4.59159989507e-09
17541.0	718890.0	8.93734303692e-09
17546.0	719064.0	3.03783901719e-09
17554.0	717360.0	6.59690395817e-09
17571.0	719176.0	3.96970267008e-09
17578.0	719406.0	6.93602843883e-09
17581.0	719363.0	5.83662533387e-09
17596.0	719765.0	4.39115451737e-08
17651.0	719972.0	6.59112044836e-09
17667.0	719936.0	5.10106599721e-09
17670.0	719662.0	6.30617624653e-09
17700.0	718184.0	3.38498368688e-10
17704.0	719765.0	6.8878145007e-09
17760.0	720885.0	4.69966846479e-09
17770.0	721359.0	1.38223084587e-08
17797.0	721863.0	8.4339814092e-09
17831.0	719410.0	5.47179642961e-09
17858.0	722436.0	1.01238090766e-07
17859.0	721127.0	5.59091975721e-09
17860.0	719153.0	6.62533989661e-09
17911.0	722410.0	5.25397541062e-09
17919.0	722436.0	6.23618655993e-09
17927.0	716803.0	5.01868045592e-09
18055.0	724290.0	3.73737624058e-08
18100.0	724290.0	6.51995776111e-08
18135.0	724736.0	8.06826647469e-09
18184.0	724610.0	6.33084668703e-09
18188.0	724202.0	4.96130545327e-09
18239.0	724666.0	3.13976542253e-09
18256.0	725034.0	4.18863525364e-09
18296.0	717831.0	1.57616374842e-09
18325.0	725154.0	2.80723167448e-09
18337.0	725876.0	4.76317226042e-09
18340.0	725642.0	9.61298101131e-10
18383.0	726439.0	2.32066574696e-08
18411.0	726345.0	5.50997496831e-09
18420.0	726464.0	3.71670367693e-09
18449.0	726443.0	4.94801767638e-09
18465.0	726505.0	5.63934851996e-09
18482.0	726141.0	3.75504638827e-09
18530.0	726608.0	6.41181596276e-09
18562.0	712940.0	1.91891251253e-09
18601.0	727168.0	5.363581052e-09
18758.0	729402.0	7.6082020986e-08
18790.0	727139.0	1.34590035796e-09
18800.0	728910.0	2.79409469034e-09
18829.0	728847.0	5.21739339713e-09
18837.0	728606.0	9.7123873716e-09
18844.0	729402.0	1.94218975287e-08
18847.0	729777.0	1.28588058065e-07
18860.0	729262.0	1.81486159268e-09
18919.0	729777.0	1.82664581918e-08
18980.0	730482.0	6.7163173986e-09
18982.0	730447.0	4.84575257997e-09
18994.0	730505.0	1.31141891867e-07
19000.0	730378.0	2.77530827523e-09
19061.0	730505.0	1.19964426356e-07
19064.0	730505.0	1.06131632363e-09
19065.0	731114.0	2.98027938788e-09
19085.0	731318.0	3.80654316614e-09
19170.0	729937.0	2.94850649639e-09
19184.0	731628.0	2.59702081969e-09
19186.0	731651.0	2.55471360332e-08
19206.0	732492.0	1.41971279849e-09
19221.0	732491.0	3.5664548195e-09
19295.0	733200.0	3.06791925005e-09
19340.0	734450.0	4.61403868919e-09
19379.0	733261.0	5.87566579764e-09
19399.0	733762.0	2.9844697584e-09
19402.0	734582.0	6.57777768283e-08
19410.0	734582.0	2.10930891707e-08
19412.0	733649.0	2.76315535753e-09
19491.0	734057.0	1.46342774932e-07
19494.0	734247.0	3.87906703221e-09
19574.0	735033.0	2.73415402727e-09
19575.0	734057.0	4.69987211773e-09
19592.0	734431.0	4.33626555398e-09
19607.0	734939.0	3.02096441052e-09
19629.0	735147.0	9.83384882622e-09
19639.0	735119.0	3.84026919002e-09
19655.0	736192.0	1.54285661493e-07
19670.0	736108.0	1.31553715013e-07
19671.0	735565.0	3.15504590225e-09
19672.0	734939.0	1.40450240813e-07
19684.0	735710.0	4.33069127944e-09
19708.0	735958.0	5.02266947438e-08
19748.0	736295.0	3.87325412719e-09
19758.0	736108.0	5.43328281938e-09
19767.0	736896.0	7.34301658708e-08
19782.0	736192.0	2.15001361525e-09
19786.0	737434.0	1.87424737503e-08
19787.0	737209.0	3.41144964552e-09
19830.0	737071.0	1.28304293871e-08
19858.0	736896.0	8.82691888172e-09
19937.0	740668.0	1.44780898629e-07
19964.0	737386.0	6.11622455782e-09
19969.0	738954.0	1.64341427983e-09
20034.0	739170.0	1.22193141124e-08
20191.0	739833.0	9.17922868496e-08
20210.0	739833.0	5.49762517839e-09
20234.0	740668.0	7.60961574484e-09
20243.0	740044.0	6.89009011578e-09
20307.0	740162.0	3.551115409e-09
20311.0	740920.0	2.98117823618e-09
20348.0	741766.0	1.15136363759e-09
20349.0	741213.0	6.75898459071e-10
20364.0	740210.0	1.55436985785e-08
20435.0	742278.0	4.0275117182e-09
20440.0	742599.0	1.63784912467e-09
20444.0	742052.0	5.43771555498e-08
20445.0	742052.0	2.04352751574e-08
20459.0	742786.0	3.23901459887e-09
20606.0	744013.0	9.82714715169e-10
20619.0	744557.0	3.7729862262e-09
20620.0	743384.0	3.22897096152e-09
20660.0	745121.0	4.20347482901e-09
20680.0	744968.0	2.07115574132e-09
20705.0	744674.0	4.8039003053e-09
20795.0	745882.0	6.04965775262e-09
20873.0	746328.0	2.9652223367e-08
20877.0	746328.0	1.10914688869e-08
20894.0	744268.0	2.72564082624e-09
20931.0	746747.0	2.77182028673e-09
21022.0	740767.0	4.80002658458e-09
21025.0	747851.0	4.12939790133e-09
21027.0	748156.0	5.93324595277e-09
21040.0	747545.0	5.3142201987e-09
21053.0	748294.0	3.17639981283e-09
21141.0	749128.0	2.38835574426e-09
21180.0	749530.0	1.61306949775e-09
21268.0	749573.0	4.87115456845e-08
21324.0	750120.0	2.92054444037e-09
21326.0	750424.0	5.05276247586e-09
21367.0	751642.0	7.04032981939e-09
21436.0	751667.0	3.68019554643e-09
21442.0	751993.0	5.36111143349e-09
21504.0	751495.0	9.30990927086e-10
21508.0	751619.0	2.74176654897e-09
21655.0	752908.0	1.82782582215e-09
21699.0	753389.0	4.98535160201e-08
21706.0	753112.0	3.42107717206e-09
21750.0	753704.0	2.35548384416e-09
21790.0	751062.0	9.56263460783e-09
21795.0	755144.0	9.88557157369e-08
21840.0	754868.0	6.12342508871e-09
21860.0	754372.0	6.80955016931e-09
21875.0	756425.0	2.24352646092e-09
21902.0	754790.0	5.08857163282e-09
21918.0	756106.0	5.21774421495e-10
21942.0	755807.0	1.20294412222e-09
21947.0	755231.0	3.98261194012e-09
21975.0	756278.0	1.3977653408e-07
22067.0	756731.0	1.34756076913e-08
22079.0	756578.0	1.60571436166e-08
22082.0	757149.0	7.28806070638e-09
22097.0	755417.0	2.89226088688e-09
22120.0	756357.0	1.43589582237e-08
22127.0	756278.0	4.90011114839e-09
22205.0	756076.0	3.59112807855e-09
22216.0	758557.0	3.24753355398e-09
22242.0	757799.0	3.05722826145e-09
22252.0	757920.0	4.72633974736e-09
22278.0	759837.0	1.25613910365e-07
22292.0	759395.0	1.45692026989e-07
22336.0	758675.0	3.88045660737e-09
22365.0	759124.0	1.09263249333e-07
22367.0	759395.0	5.08639815563e-09
22369.0	759124.0	6.01300775357e-09
22401.0	760096.0	5.11184198755e-09
22411.0	759397.0	4.22552784043e-09
22474.0	760055.0	4.21839257432e-09
22492.0	759837.0	6.05334817263e-09
22515.0	760850.0	7.84977993254e-09
22529.0	759981.0	5.7549677934e-09
22576.0	760837.0	3.22547959634e-09
22599.0	761428.0	2.27046571753e-09
22620.0	763293.0	1.15554801856e-07
22626.0	762220.0	1.2261849176e-08
22636.0	761518.0	1.52561511641e-08
22649.0	762284.0	5.84341341165e-09
22663.0	762016.0	3.11437913763e-09
22665.0	762317.0	3.49543425643e-10
22684.0	761839.0	4.99618029406e-09
22703.0	762509.0	5.01336729694e-09
22705.0	762152.0	2.16510988146e-08
22709.0	763293.0	7.62379815042e-09
22754.0	763631.0	3.70931538995e-09
22761.0	763181.0	7.87397874031e-09
22778.0	763723.0	1.39593013123e-07
22801.0	763983.0	6.58348702763e-09
22811.0	759643.0	7.40572893597e-10
22837.0	763723.0	1.32969612239e-07
22878.0	764298.0	5.41592755255e-09
22918.0	764862.0	1.08749416675e-09
22919.0	764349.0	4.16330055403e-09
22934.0	765126.0	1.4167891183e-07
22937.0	765126.0	4.16854285258e-09
22964.0	764953.0	5.20929372838e-09
22993.0	765673.0	5.18313969381e-09
23040.0	765794.0	4.43202655182e-09
23047.0	765906.0	4.8781092432e-09
23053.0	763723.0	4.07351532485e-09
23056.0	766124.0	1.69574348936e-08
23068.0	765920.0	7.28203517509e-09
23122.0	765532.0	3.75182164435e-09
23149.0	766712.0	1.31142954667e-07
23150.0	766674.0	6.03835187234e-09
23166.0	766712.0	2.7151876929e-09
23191.0	767549.0	5.24238147727e-09
23255.0	767831.0	8.01850236531e-09
23260.0	767831.0	1.23069492367e-07
23270.0	768673.0	4.01475167396e-09
23339.0	756099.0	5.59091838887e-09
23368.0	769541.0	1.13813473084e-07
23395.0	769541.0	4.99172121752e-09
23467.0	771251.0	2.15869733861e-09
23478.0	766830.0	4.98372685127e-09
23512.0	771319.0	1.68346432313e-09
23536.0	771462.0	5.19351885499e-09
23554.0	771065.0	3.00755731312e-09
23563.0	771550.0	6.15598621378e-09
23564.0	770887.0	5.07947260763e-09
23581.0	771081.0	1.1532109702e-08
23582.0	771739.0	1.62520988419e-08
23586.0	771629.0	1.88598669276e-09
23613.0	771203.0	8.21185082728e-09
23664.0	771839.0	4.73964550769e-09
23761.0	772906.0	3.66598002098e-09
23783.0	773691.0	5.01687116158e-09
23826.0	774953.0	1.13629673871e-08
23859.0	774500.0	4.06658713409e-09
23893.0	774809.0	1.41978899317e-07
23914.0	774809.0	3.82946063855e-09
23949.0	769217.0	6.48142284031e-09
23958.0	775806.0	4.89833982963e-09
23984.0	775210.0	2.18810541802e-09
23986.0	775870.0	7.15534352377e-09
24026.0	775794.0	5.60835952031e-09
24033.0	777099.0	4.18267721127e-09
24046.0	777034.0	6.22069867869e-09
24052.0	776468.0	4.89485932959e-09
24075.0	776406.0	1.02531452747e-08
24081.0	776852.0	3.40261119438e-09
24094.0	776558.0	3.35822252327e-09
24140.0	778366.0	1.54304002706e-08
24155.0	778366.0	1.01349817457e-07
24180.0	777503.0	1.350463036e-09
24185.0	776834.0	2.5257555164e-09
24256.0	778269.0	1.28661695331e-07
24257.0	780098.0	9.93990560219e-09
24280.0	779575.0	4.05764976913e-09
24302.0	778469.0	3.33272917065e-09
24313.0	772385.0	4.97395371505e-09
24344.0	778269.0	3.15680008932e-09
24345.0	778665.0	5.66128207205e-09
24372.0	779076.0	3.13928165656e-08
24374.0	778849.0	3.79777537204e-09
24379.0	779468.0	3.20275190017e-09
24407.0	779701.0	9.02375719846e-09
24409.0	779177.0	3.32020557052e-09
24421.0	780155.0	1.67029328345e-09
24427.0	780064.0	4.56486064537e-08
24431.0	779815.0	1.46570536511e-07
24443.0	780064.0	2.44768408069e-08
24474.0	780038.0	1.4050007814e-09
24477.0	779815.0	8.10570589374e-09
24487.0	780086.0	3.84302340599e-09
24501.0	780806.0	4.80473848092e-09
24521.0	780253.0	2.58651386785e-09
24535.0	782234.0	1.34266796873e-08
24540.0	781337.0	4.35144655603e-09
24541.0	780672.0	5.14006264844e-09
24544.0	780478.0	3.77450560783e-09
24547.0	780338.0	3.50005959383e-09
24561.0	780308.0	8.29933921335e-09
24564.0	781705.0	4.78520641531e-09
24613.0	781986.0	2.46065498215e-09
24635.0	781353.0	1.46018859572e-08
24654.0	782058.0	6.75361582029e-09
24673.0	782291.0	1.05107658328e-08
24698.0	781167.0	1.07831187848e-07
24705.0	781976.0	6.23222327365e-09
24726.0	782338.0	1.26994516242e-09
24782.0	782819.0	6.21445483593e-09
24795.0	783324.0	1.50248260664e-09
24799.0	783047.0	3.80237523567e-09
24828.0	781167.0	5.8175568596e-09
24844.0	783018.0	3.81930428256e-09
24890.0	782043.0	6.39235838883e-09
24902.0	784397.0	1.53358387808e-07
24906.0	785903.0	2.5067729986e-09
24913.0	784274.0	5.36352069387e-09
24916.0	784193.0	4.29528563453e-09
24922.0	784397.0	4.30826628317e-09
24944.0	784895.0	4.47276600221e-09
25003.0	785354.0	4.59724613684e-09
25015.0	785559.0	5.04960733662e-09
25028.0	785305.0	4.50738849269e-09
25096.0	785528.0	7.57670638704e-09
25104.0	786440.0	4.78198312751e-09
25115.0	786127.0	7.2167441406e-09
25138.0	786339.0	1.50162906875e-08
25139.0	786404.0	2.99398061727e-09
25153.0	787192.0	5.02267159796e-09
25166.0	786976.0	4.12062240105e-09
25168.0	786603.0	6.4001241755e-10
25176.0	787145.0	6.55176361145e-09
25193.0	789438.0	1.81365111692e-08
25198.0	792646.0	2.97069771155e-09
25201.0	790247.0	5.18653645574e-09
25206.0	787952.0	4.02700435047e-09
25314.0	789358.0	5.3360290304e-09
25336.0	788979.0	5.63446590306e-09
25375.0	790432.0	3.90371825132e-09
25452.0	790460.0	5.91498131588e-09
25455.0	793259.0	2.20793586536e-09
25487.0	794603.0	4.55124877742e-09
25496.0	789979.0	2.3960752999e-09
25515.0	792577.0	4.27267831882e-09
25518.0	792734.0	4.28026079999e-09
25549.0	791593.0	2.40087882694e-09
25568.0	792502.0	2.71953156174e-09
25596.0	793006.0	8.45252602779e-08
25604.0	791647.0	6.58679880125e-09
25614.0	793684.0	4.90938469907e-09
25669.0	794792.0	2.34585761344e-09
25695.0	795254.0	4.05338882013e-09
25708.0	793005.0	6.23550628053e-09
25737.0	794806.0	3.3023236891e-09
25755.0	794981.0	6.05686085847e-09
25759.0	795893.0	4.24292302466e-08
25776.0	795931.0	2.77026834738e-09
25779.0	792725.0	4.73301324956e-09
25781.0	794024.0	9.08732909291e-09
25800.0	794024.0	8.37451188289e-08
25810.0	798621.0	2.75712068448e-09
25812.0	795685.0	3.23435629351e-09
25844.0	793517.0	1.42444377044e-08
25850.0	798604.0	2.74480007543e-09
25851.0	793853.0	5.29903634387e-09
25858.0	796251.0	2.73897489551e-09
25862.0	793892.0	4.80035047881e-09
25869.0	795770.0	1.45705237819e-08
25877.0	795745.0	6.02065649716e-09
25893.0	795931.0	1.5142652792e-07
25915.0	794872.0	5.92911072373e-09
25918.0	796177.0	4.59608578563e-09
25946.0	793855.0	9.53498351156e-09
25952.0	796201.0	3.7595261156e-09
25963.0	796503.0	1.66131892886e-09
25968.0	797238.0	3.3713232685e-09
25971.0	795745.0	1.4215498941e-07
25975.0	796258.0	1.87390276356e-08
25997.0	799168.0	5.88878012138e-09
26014.0	800112.0	9.66665943265e-09
26018.0	796258.0	6.39798765922e-08
26027.0	797104.0	5.44335400766e-09
26041.0	794848.0	8.09302229109e-09
26062.0	795694.0	2.62721540326e-09
26098.0	799133.0	5.67452812968e-09
26140.0	799168.0	1.31461858712e-07
26176.0	797422.0	3.84219002331e-09
26212.0	797093.0	5.00954509756e-09
26222.0	799321.0	4.2930678396e-09
26224.0	795958.0	1.02929017905e-09
26238.0	800244.0	3.14344502838e-09
26245.0	799582.0	3.36658694991e-09
26330.0	798371.0	7.25911745777e-09
26340.0	800278.0	3.10308715661e-09
26368.0	801263.0	1.78272091212e-09
26379.0	800940.0	7.85087894371e-09
26380.0	800281.0	5.31979027405e-09
26398.0	801268.0	5.16064820001e-09
26430.0	800340.0	2.96573066411e-09
26446.0	799007.0	3.6290162815e-09
26463.0	801009.0	6.13593625802e-09
26471.0	801726.0	4.38003645856e-09
26490.0	799514.0	9.95779273808e-09
26531.0	803344.0	3.5687275514e-09
26532.0	800453.0	6.94797277938e-09
26548.0	803799.0	7.59877151929e-09
26599.0	802962.0	7.36081162273e-09
26617.0	802069.0	4.58714488123e-09
26621.0	801413.0	1.08071236113e-08
26642.0	802625.0	3.58623371926e-09
26659.0	800767.0	6.39100267256e-09
26680.0	802060.0	8.41579376734e-09
26730.0	806946.0	3.61398752938e-09
26734.0	804552.0	3.63212826205e-09
26736.0	803971.0	6.88576073563e-09
26749.0	803697.0	8.26020307809e-09
26760.0	807474.0	2.86663434187e-09
26768.0	803989.0	4.47767379966e-09
26769.0	803072.0	1.10296733372e-08
26779.0	802734.0	4.21086625396e-08
26784.0	803989.0	1.52678548495e-07
26802.0	805189.0	1.94992477199e-08
26883.0	804078.0	5.53808894338e-09
26959.0	804854.0	2.55985194172e-09
26977.0	806947.0	2.89002919987e-08
27020.0	807633.0	1.06188223911e-08
27036.0	809229.0	1.54685003269e-09
27064.0	811558.0	3.20711476963e-09
27085.0	808037.0	1.32682897309e-08
27104.0	807662.0	1.4326548253e-09
27137.0	807633.0	6.87499808468e-08
27161.0	806710.0	2.27702151203e-08
27171.0	806710.0	1.60408959948e-08
27195.0	809381.0	3.22426145729e-09
27223.0	809560.0	6.04964171203e-09
27230.0	808249.0	4.53955838153e-09
27279.0	809037.0	4.35676788966e-09
27282.0	810488.0	2.93347376037e-08
27287.0	808757.0	3.80849915867e-09
27292.0	808556.0	1.49539262332e-09
27303.0	809828.0	4.27892436814e-09
27309.0	809674.0	7.50032142911e-09
27309.0	810228.0	1.42949178821e-07
27311.0	809674.0	1.34993895516e-07
27311.0	810228.0	7.1803974959e-09
27329.0	810219.0	7.03775952802e-09
27359.0	809780.0	6.70598802372e-09
27364.0	809674.0	1.43559365532e-07
27366.0	813443.0	4.50966884743e-09
27385.0	810829.0	2.87962322873e-09
27387.0	810961.0	2.12905644937e-09
27390.0	810488.0	6.25714908709e-08
27419.0	809843.0	4.87957517472e-09
27448.0	812877.0	2.05418026944e-09
27452.0	809352.0	5.66985690754e-09
27454.0	813956.0	4.36690607715e-09
27466.0	811091.0	4.89680388585e-09
27471.0	811012.0	2.13480696965e-09
27475.0	811058.0	5.54163163572e-09
27528.0	812877.0	1.41098659254e-07
27533.0	814088.0	6.41098118382e-09
27544.0	811082.0	1.80467325845e-09
27570.0	811521.0	2.18993877133e-09
27618.0	814665.0	3.08388550529e-09
27640.0	810793.0	7.11354555659e-09
27670.0	814766.0	3.0822752448e-09
27693.0	812274.0	4.77397533072e-09
27709.0	818349.0	4.81541060067e-09
27713.0	812333.0	3.55406484026e-09
27736.0	812657.0	5.24656823608e-09
27787.0	814475.0	5.43273562289e-09
27796.0	813154.0	5.41044637727e-09
27805.0	813436.0	1.49778441153e-08
27829.0	813457.0	1.50915050964e-08
27836.0	815840.0	1.41381363488e-07
27853.0	815840.0	4.56059300019e-08
27856.0	815840.0	1.56192324534e-08
27877.0	816106.0	6.79827306699e-09
27925.0	816236.0	6.73409890954e-09
27983.0	818815.0	4.42798762254e-09
27991.0	817724.0	5.8892409935e-09
28036.0	816054.0	6.31526272528e-09
28072.0	818278.0	2.61591501393e-09
28121.0	816883.0	5.43985553777e-09
28164.0	819831.0	5.62174358866e-09
28243.0	817116.0	1.33570043683e-07
28246.0	817116.0	9.3359872946e-09
28272.0	819460.0	7.02262599504e-09
28279.0	819541.0	4.73608692207e-09
28337.0	820838.0	4.09276429995e-08
28345.0	819228.0	3.09775741785e-09
28380.0	819851.0	7.199121444e-09
28427.0	823776.0	1.12875948092e-09
28466.0	822634.0	5.40384307755e-09
28472.0	824894.0	4.84405017335e-09
28510.0	822818.0	3.13279163104e-08
28514.0	820902.0	3.74371091762e-09
28547.0	821556.0	6.57754054652e-09
28621.0	825913.0	7.01207648487e-09
28649.0	822483.0	3.36212705231e-09
28655.0	828975.0	3.18317008503e-09
28730.0	824251.0	4.63243703829e-09
28746.0	827839.0	2.95157118638e-09
28749.0	824794.0	3.34137097094e-09
28752.0	826017.0	8.28189653893e-09
28778.0	831074.0	4.01498509869e-09
28791.0	828157.0	7.44966870947e-09
28816.0	830593.0	1.99910506671e-09
28850.0	826702.0	5.35720211157e-08
28882.0	827242.0	4.08628217858e-09
28888.0	826052.0	1.31095464834e-07
28934.0	820899.0	7.59813205307e-09
28957.0	828572.0	3.95958865551e-08
28977.0	826052.0	5.81658357717e-09
28979.0	824695.0	2.56138705877e-09
29005.0	827643.0	3.23304777873e-09
29007.0	820976.0	5.06186070997e-09
29034.0	823667.0	9.32726753181e-09
29040.0	826438.0	5.98773724603e-09
29041.0	829031.0	7.72204356237e-09
29042.0	828157.0	1.12576845927e-07
29076.0	827643.0	1.31331811094e-07
29085.0	826865.0	4.51917465633e-09
29094.0	828572.0	5.92933402563e-08
29097.0	820459.0	3.94882951586e-09
29109.0	822053.0	4.06863682306e-09
29119.0	826017.0	1.44306226364e-07
29481.0	588961.0	8.5198954074e-08
29766.0	595708.0	1.40358424414e-07
29998.0	601452.0	1.44090202988e-07
30255.0	608574.0	8.33910791278e-08
30847.0	623330.0	1.33796632388e-07
30999.0	628777.0	1.35840857022e-07
31341.0	636373.0	1.43699203072e-07
33892.0	695869.0	5.40752869306e-09
34083.0	702874.0	1.52562931736e-07
37623.0	796371.0	1.38569473678e-07
38215.0	813176.0	3.92673349454e-08
38221.0	813176.0	2.08583205661e-08
38506.0	820930.0	1.14198760114e-07
